4.312680157524397262e-01
4.278383856475568292e-01
4.165372324474118093e-01
4.306920466250823698e-01
4.410245271323685046e-01
4.460249723719337256e-01
4.560258436521805736e-01
4.642028262222820945e-01
4.600925215147053104e-01
4.426040882312274327e-01
4.411205276593254676e-01
4.404834772836540013e-01
4.449253912182699611e-01
4.486255379570830426e-01
4.511999389545314765e-01
4.429007947604780004e-01
4.352212386847451597e-01
4.306135083554763487e-01
4.130028898857801556e-01
4.200802947929241360e-01
4.090234980023909617e-01
4.059080375567862831e-01
4.028973009127254090e-01
3.975477964062412162e-01
4.194432461626057540e-01
4.212147917345244741e-01
4.275853269075948759e-01
4.337726008821921608e-01
4.493062448488086003e-01
4.583558830039578535e-01
4.673706332968194377e-01
4.616633357767112034e-01
4.581464572177836314e-01
4.555022534427875525e-01
4.449603192236780691e-01
4.371062365688536677e-01
4.665852287838460621e-01
4.768740920455220023e-01
4.826686589639115899e-01
4.884981442882675440e-01
5.009774090575934702e-01
5.052622673972342326e-01
5.211711552900306632e-01
5.224714223744278963e-01
5.136224841128365082e-01
5.099572313450468908e-01
4.998080129089103596e-01
4.927916979768459660e-01
5.052447955404414381e-01
4.856532039672991630e-01
4.976612347556064186e-01
4.872153019361305515e-01
4.823719454532487960e-01
4.966314825597863414e-01
5.013090296294275827e-01
5.084999095383508916e-01
5.208918926919239301e-01
5.199755797181456751e-01
5.232830185280746838e-01
5.142333611740417254e-01
5.062658262070276471e-01
5.046426347724107808e-01
5.020158827826470826e-01
4.995985845047066221e-01
5.017366315293351198e-01
5.051575217787771521e-01
5.099747084378988271e-01
5.056985838449630233e-01
5.017977197590617333e-01
4.952700967019841860e-01
4.934462123552216251e-01
4.905663763178768066e-01
4.811676614422781273e-01
4.734968268957789883e-01
4.767344550740711950e-01
5.017453687667463580e-01
5.031329270663382758e-01
5.066061892523322507e-01
4.989877205336493704e-01
4.876516471821849552e-01
4.875120154467934563e-01
4.794484808254989017e-01
4.857230337978194479e-01
4.805742405296881126e-01
4.972423604936682118e-01
4.959682396707649765e-01
5.034121896644450089e-01
4.939436458310025313e-01
4.891264661532931379e-01
4.875730966951076217e-01
4.801728110715702269e-01
4.647613313469353136e-01
4.586089661788625982e-01
4.433196812398875752e-01
4.373680299281971773e-01
4.294615762094974309e-01
4.385286792400271416e-01
4.357012081578220952e-01
4.364604402290056528e-01
4.354568604749754490e-01
4.422637400214237680e-01
4.455711910488242000e-01
4.478052412184393427e-01
4.452744766654849196e-01
4.469761932795598969e-01
4.460686027076918303e-01
4.478837698886035668e-01
4.525874972541232277e-01
4.646566084180682177e-01
4.675539014767048362e-01
4.750240178034389471e-01
4.591413014797556258e-01
4.520551698073189684e-01
4.422201149217249716e-01
4.436425759191054974e-01
4.194868817344229450e-01
4.117026018571463553e-01
4.078890115329089627e-01
4.101317875951404623e-01
4.093201940595233568e-01
4.022078908179732570e-01
4.012566699103471413e-01
3.941879926411726021e-01
3.862379085867145845e-01
3.825028408239057320e-01
3.839951307791301671e-01
3.846147302422455727e-01
3.694650770386622152e-01
3.656951083234176725e-01
3.627541796929637519e-01
3.652063981222234967e-01
3.584780559727046567e-01
3.585827797742483503e-01
3.573523032499276164e-01
3.527969439845342059e-01
3.505018073305457005e-01
3.464525751445178270e-01
3.401082255033851531e-01
3.266166481060003846e-01
3.317392558421940474e-01
3.371847565122526036e-01
3.406929117965934450e-01
3.382843158490030366e-01
3.294615622466728899e-01
3.402216717068390350e-01
3.399249573234996435e-01
3.407539912995546372e-01
3.499607243201229845e-01
3.440788880034518771e-01
3.511475731267151845e-01
3.641330051185270866e-01
3.678767874291574147e-01
3.685400233367666090e-01
3.718911099359842876e-01
3.811938391201269982e-01
3.776595105213198522e-01
3.877301924332033356e-01
3.866306165155987129e-01
3.947552332578839751e-01
3.900602282942743915e-01
3.956977195461286456e-01
3.899206122670603181e-01
3.909329065689119420e-01
3.861070053619689579e-01
3.889955699099596487e-01
3.866829753620028010e-01
3.859324604566701788e-01
3.846583597053271353e-01
3.933240367684452954e-01
3.908805398684192522e-01
3.998342106583195887e-01
3.944672630933679924e-01
4.128458203279803951e-01
4.172964688819781331e-01
4.227681481025620802e-01
4.185792902898783363e-01
4.178113454162263318e-01
4.148442382352469648e-01
4.090845731419696096e-01
4.145911611690779597e-01
4.229252316231863484e-01
4.167030418606524345e-01
4.190680013637490542e-01
4.151933210644321859e-01
4.226547080078438268e-01
4.287023511197259329e-01
4.302993439322574387e-01
4.316868900143778776e-01
4.305524087809550204e-01
4.181342322413554302e-01
4.117549737936982979e-01
4.095209244967596973e-01
4.000087354920580651e-01
3.989440771077433778e-01
3.919888434239931496e-01
3.879396190920540444e-01
3.884719596290063803e-01
3.861855497403106630e-01
3.958286236435508143e-01
4.050440904108243423e-01
4.026878655271093344e-01
4.099921706952498468e-01
4.231521214120645413e-01
4.240073531375285754e-01
4.268784667729633719e-01
4.289728790984511098e-01
4.348372610118600434e-01
4.320010553102733297e-01
4.286325239072352744e-01
4.217645631124726791e-01
4.283270949760744628e-01
4.342787419243823166e-01
4.301335284102810741e-01
4.265380984915995155e-01
4.306745896037904586e-01
4.419844765506406037e-01
4.456322653157260838e-01
4.536085270480330611e-01
4.617506008116100125e-01
4.606597560226811661e-01
4.583820763899842943e-01
4.563051079956403910e-01
4.503534601746561061e-01
4.363731786848128458e-01
4.397329885586172549e-01
4.331879145889837579e-01
4.384239615472191320e-01
4.316258105114166854e-01
4.151409508732332720e-01
4.126276442142470802e-01
4.089624054092819705e-01
4.012915795895480864e-01
4.023562327378037429e-01
4.074003083131271241e-01
4.120254965363642219e-01
4.173226404510913534e-01
4.278296745904414666e-01
4.285627211296874073e-01
4.321319698798139486e-01
4.296884607623163710e-01
4.348372601391834458e-01
4.302207995539156782e-01
4.380574321688605055e-01
4.392704525445659813e-01
4.406231107643986400e-01
4.470547315491658624e-01
4.612968107617352875e-01
4.626494567640966338e-01
4.593856543986614693e-01
4.529627551431278931e-01
4.469674708776497640e-01
4.386770438494473900e-01
4.369927729118692206e-01
4.234924652584854954e-01
4.160834502516258526e-01
4.220089238854672908e-01
4.325421313392837641e-01
4.319312516600488649e-01
4.299240938973415416e-01
4.311283918711367735e-01
4.285801772783027208e-01
4.058294992871803730e-01
4.017540964047158214e-01
4.062221958712696201e-01
4.034296274868531818e-01
4.046688386305554164e-01
3.956191812765225690e-01
4.140937407834449635e-01
4.189720060728512330e-01
4.229688602135913689e-01
4.218431057454614108e-01
4.286761725692004310e-01
4.287459893095728058e-01
4.286848940984341882e-01
4.302644307623502695e-01
4.404572987331284994e-01
4.408412790240431312e-01
4.457020942735698266e-01
4.454926457978059529e-01
4.318527142631194415e-01
4.316345320406503316e-01
4.432498627541622271e-01
4.505890671293853456e-01
4.569508729191333885e-01
4.531547387435111984e-01
4.452308332395787938e-01
4.501614573753890403e-01
4.604241359778038500e-01
4.581900858081886518e-01
4.568199836572121031e-01
4.567763541941304295e-01
4.670477464716902283e-01
4.744480547848173302e-01
4.705471898262392760e-01
4.861768159936055156e-01
4.925997152491390918e-01
4.945021561917150033e-01
5.024086029290024680e-01
4.907409098783807044e-01
4.923291881430905681e-01
4.775198665684566857e-01
4.808534978917355929e-01
4.774238773862946594e-01
4.774936932539904366e-01
4.700148414351982273e-01
4.741687843326218288e-01
4.766122742512356458e-01
4.738982642079854202e-01
4.560520248207356464e-01
4.505279867537476113e-01
4.352212456661573858e-01
4.458417181548727237e-01
4.438520095593685433e-01
4.407627337730249950e-01
4.488873557513693990e-01
4.539925064662712062e-01
4.613055340363219625e-01
4.618640522511232582e-01
4.612619028278873157e-01
4.595078360941736162e-01
4.532856541857283039e-01
4.570730659594403056e-01
4.520115403442373503e-01
4.506239750632333174e-01
4.409808967966104554e-01
4.419146667916805105e-01
4.400296881064556520e-01
4.405532940240263207e-01
4.450039425780240032e-01
4.473165423620399928e-01
4.445676043133818256e-01
4.491055257563670855e-01
4.471594614594454065e-01
4.486691805103125708e-01
4.529540257598053676e-01
4.450824869563656527e-01
4.430055115806094679e-01
4.416703191088339198e-01
4.485644567087688772e-01
4.477354113879190578e-01
4.470023596126139753e-01
4.510341269232611694e-01
4.592547459378565344e-01
4.613317186955830929e-01
4.633039693971189865e-01
4.547691946860701329e-01
4.504756270346670921e-01
4.478401474069341748e-01
4.439392772122969788e-01
4.448817617551884540e-01
4.344183780231565817e-01
4.257527009600384216e-01
4.223928910862341235e-01
4.184920322363917533e-01
4.170870221515672327e-01
4.302469807224706955e-01
4.258486962509362428e-01
4.308578577836759682e-01
4.322803179083799519e-01
4.337551429882237630e-01
4.368356902639213279e-01
4.426040899765804615e-01
4.455624555567659906e-01
4.493149602693065070e-01
4.543852074137430530e-01
4.612793554857964051e-01
4.628938105556787974e-01
4.739855370969729975e-01
4.776071464388566556e-01
4.843005597102909010e-01
4.823632230513386077e-01
4.774936853999017794e-01
4.742647848595787918e-01
4.787590707307468607e-01
4.795270234584875224e-01
4.887163073118530043e-01
4.962998680966879128e-01
4.929400652042958408e-01
4.878348944178337865e-01
4.813771020639532883e-01
4.831748069875138607e-01
4.977572300465041844e-01
5.035605507831590888e-01
5.072607106121200804e-01
5.017890113199758861e-01
5.011694109841838829e-01
4.914128804053713995e-01
4.998341975681717675e-01
5.038223354157371769e-01
4.932803959605688848e-01
4.910288948783975149e-01
4.825813991650719226e-01
4.725456199509771582e-01
4.815603693711620892e-01
4.774500559368201058e-01
4.777031321303126243e-01
4.864735286315918783e-01
4.981761173985903568e-01
4.997556732613901431e-01
5.016493987834678148e-01
4.890741011981534214e-01
4.872676817267713179e-01
4.841173124746421808e-01
4.801029960765509363e-01
4.964656722738693406e-01
4.830788169326752923e-01
4.796928354897577185e-01
4.819967085084808645e-01
4.879396321822019322e-01
4.809494905646038987e-01
4.935334852442093134e-01
4.900253212331030506e-01
4.814905517581132832e-01
4.849288937927879739e-01
4.860895553220894172e-01
4.876952766452665733e-01
4.895540697985537593e-01
4.824941315121435426e-01
4.777642203600390713e-01
4.824243156444477099e-01
4.798499163923523048e-01
4.907670954103183769e-01
4.887861170708130421e-01
4.989789902776504138e-01
4.988480879255812184e-01
4.997207723089543974e-01
4.860808215753842920e-01
4.826163070989197834e-01
4.872589471073895950e-01
4.899729501692277056e-01
4.922942793365662206e-01
4.837682331361631283e-01
4.909067210369743028e-01
4.951042933974795224e-01
5.058033355721558433e-01
4.919452148335879960e-01
5.008814137666957045e-01
5.003578069764484937e-01
5.017017384309883088e-01
5.018413754024391160e-01
4.894755385103599643e-01
4.849638095807246030e-01
4.781656515635098748e-01
4.759752378383885763e-01
4.812549273498533675e-01
4.711493305227098527e-01
4.771969797433276983e-01
4.690025401519344328e-01
4.741600610580350983e-01
4.744742263539304394e-01
4.788899669740803167e-01
4.773802400691243841e-01
