4.283413782314978158e-01
4.288173725043152862e-01
4.163857050202467991e-01
4.296662535246731363e-01
4.439305385468695908e-01
4.484605333896051760e-01
4.576950369606910818e-01
4.635895710382003654e-01
4.580282470731563138e-01
4.437401554352409239e-01
4.406937114856311899e-01
4.409713797037189686e-01
4.448666880134981017e-01
4.491586666796097416e-01
4.553546747975832920e-01
4.439860891680122990e-01
4.360764593034170411e-01
4.319193480348526015e-01
4.159096948805833249e-01
4.186467274000237881e-01
4.091663012029584934e-01
4.051202459561684122e-01
4.027164203758241134e-01
3.994875180108138357e-01
4.210029564091188337e-01
4.214155039248880796e-01
4.267705644454971026e-01
4.326016295523738009e-01
4.476195992790600320e-01
4.584963031629266106e-01
4.661917274333283734e-01
4.606700729632786651e-01
4.582821166089481313e-01
4.526811263222791371e-01
4.447556383384620449e-01
4.378218282288319774e-01
4.693730364004582989e-01
4.754897110818390171e-01
4.839943365641541928e-01
4.911661509502737721e-01
5.022332744395148207e-01
5.077152848015237252e-01
5.171005123026938266e-01
5.198851286999068844e-01
5.111186947054102703e-01
5.093098687094973487e-01
5.005275702490403766e-01
4.925465594110611800e-01
5.050892987837500847e-01
4.854620126778701472e-01
4.954819235386275778e-01
4.875961050498048843e-01
4.815825696273933199e-01
4.975287474642914876e-01
5.015113297737375797e-01
5.080484933273041737e-01
5.204166775605787443e-01
5.221223587441262692e-01
5.214242206940680191e-01
5.131972594631289963e-01
5.059540458567525212e-01
5.047481504882376235e-01
4.996866282050723140e-01
5.005593277412834219e-01
5.013605860100958100e-01
5.062079138058597216e-01
5.111107708025243168e-01
5.049623608424848031e-01
5.015668573879537018e-01
4.942046424366747237e-01
4.931415724823117741e-01
4.887861177054868000e-01
4.800910948313816817e-01
4.738871517037300252e-01
4.760450427579607235e-01
5.007735222286847643e-01
5.032884204909918724e-01
5.062317323217130349e-01
4.989726494893227948e-01
4.892065946775380758e-01
4.871518412955921917e-01
4.813207714286617533e-01
4.850256847266777305e-01
4.800038255917684626e-01
4.986156414879040488e-01
4.955533211721998565e-01
5.007021293551663366e-01
4.923006328183704983e-01
4.898967993046030589e-01
4.872549678610846313e-01
4.795516220678238128e-01
4.652476532704715728e-01
4.595435261048601561e-01
4.433752171841977563e-01
4.382978272617032434e-01
4.306420669328998585e-01
4.388531597311672305e-01
4.330696927822247355e-01
4.378694168666584230e-01
4.362985959405772385e-01
4.420106644626051184e-01
4.454934419168033455e-01
4.479528022514445151e-01
4.455807095697318365e-01
4.455886382326714190e-01
4.475005844473384786e-01
4.485953992004677593e-01
4.524431093523127445e-01
4.621615461726059082e-01
4.702219134541045786e-01
4.746884353594960637e-01
4.577347024889739657e-01
4.513403699029554517e-01
4.425184130542965111e-01
4.426215459665272522e-01
4.192179409956361402e-01
4.118319138752422615e-01
4.083650135804809955e-01
4.093646248776614538e-01
4.085554141456403943e-01
4.004792006450545450e-01
4.005664627445869042e-01
3.949734042942267265e-01
3.843346808865805153e-01
3.815024369777683111e-01
3.852628897901348992e-01
3.836365356964414608e-01
3.702449311702408763e-01
3.664210157339801710e-01
3.630810391003226334e-01
3.635173733982534072e-01
3.592333178416853290e-01
3.611214764808486910e-01
3.572420278769757318e-01
3.531007921811635253e-01
3.505382997276338397e-01
3.485708020984817357e-01
3.388365000188863219e-01
3.273171674523044916e-01
3.313790768516047813e-01
3.351950517247913597e-01
3.398519718153152347e-01
3.364723256866632983e-01
3.315615416137436822e-01
3.399313108053040322e-01
3.405183753800573587e-01
3.409150409763360146e-01
3.491975298214911039e-01
3.458258266359403033e-01
3.519980352782755006e-01
3.650247205936482664e-01
3.668097407671845889e-01
3.668970147668514925e-01
3.702052553285081760e-01
3.806615076272769627e-01
3.803124481223553732e-01
3.883410626716647940e-01
3.877619243798241522e-01
3.943545973007340222e-01
3.904275489522424647e-01
3.957270707518434349e-01
3.929424503879188069e-01
3.916334276605690778e-01
3.872462447451663903e-01
3.894596776937744864e-01
3.854374258893340510e-01
3.861514236452986970e-01
3.844219429861129300e-01
3.935771123272639449e-01
3.923870988782396929e-01
3.990035784148683873e-01
3.948464790464382701e-01
4.138073481007570331e-01
4.179089254083671046e-01
4.229228487402560410e-01
4.201223448701562058e-01
4.180913973105866432e-01
4.142119431533177742e-01
4.083412133115006393e-01
4.140056725688022743e-01
4.220739740666367146e-01
4.173694462980710451e-01
4.182817978757460420e-01
4.155923730343472622e-01
4.237400016220359000e-01
4.279923115864953664e-01
4.306262016735974973e-01
4.304913231692580888e-01
4.295710437219857902e-01
4.185673963434579647e-01
4.122285977183937633e-01
4.095233036509812186e-01
4.014073968551320482e-01
3.997572512192235639e-01
3.911891575596180837e-01
3.885790550480197059e-01
3.880633881068387137e-01
3.857864980877324101e-01
3.959492129423995976e-01
4.027084909195420281e-01
4.043110447442549438e-01
4.102373133070804090e-01
4.227403776313786721e-01
4.249538089933022067e-01
4.283175906559941182e-01
4.262548903642354170e-01
4.333552968033329011e-01
4.316337392536906403e-01
4.287221746017625401e-01
4.242715235090694370e-01
4.263659535260905797e-01
4.343073051825254161e-01
4.305230592412589985e-01
4.263976753179301027e-01
4.306658600617996324e-01
4.425501308794244637e-01
4.471356485763222088e-01
4.527604478587372583e-01
4.611619396354793010e-01
4.618600856189607473e-01
4.580837810341108485e-01
4.545772088643282860e-01
4.488968803810127750e-01
4.395592383442997186e-01
4.447239038531458077e-01
4.349023285672257710e-01
4.378059471026835570e-01
4.332442288814238873e-01
4.155288937502648605e-01
4.126728614726065669e-01
4.089520900553688665e-01
4.025736187619411433e-01
4.006140569358095371e-01
4.084443470170737722e-01
4.122206579486619171e-01
4.170362433256865620e-01
4.272545032481003813e-01
4.258820194835411521e-01
4.316892835280949914e-01
4.299915206940370660e-01
4.330538283162645996e-01
4.302453949898827901e-01
4.375996765181680570e-01
4.378297410249257227e-01
4.413125256192044765e-01
4.471832522876523774e-01
4.611698738518150709e-01
4.621774169853045122e-01
4.595276624322423009e-01
4.531333258795122165e-01
4.449222330812448445e-01
4.386706981423975638e-01
4.342597062312490430e-01
4.219866992736274747e-01
4.152115679373171719e-01
4.227959171457292831e-01
4.326492292969925102e-01
4.311180762792209964e-01
4.315306126881981452e-01
4.318082872530242811e-01
4.289839902540246164e-01
4.061674625513636006e-01
4.029940885939117812e-01
4.058342500588715263e-01
4.020341396516450283e-01
4.041127036160214181e-01
3.973137609039384954e-01
4.151798263119202415e-01
4.186864040350988803e-01
4.223833759766983942e-01
4.210108906254545480e-01
4.285000514514213932e-01
4.263342245941703634e-01
4.290077833829244458e-01
4.306420613795037267e-01
4.411855860912548000e-01
4.401780445444500867e-01
4.458345798988658237e-01
4.456441721936259537e-01
4.328158287998289944e-01
4.332521575443635808e-01
4.437242806558309161e-01
4.506660241884544726e-01
4.563860158200261363e-01
4.537203912476078238e-01
4.446207534873843903e-01
4.501424158908570172e-01
4.600512659697861273e-01
4.575125729918945172e-01
4.571079660391994537e-01
4.571079723859377553e-01
4.676832141294745560e-01
4.743393687144937254e-01
4.722052763425589328e-01
4.846607417155808784e-01
4.928162989662091542e-01
4.954422651504252761e-01
5.056763816053762017e-01
4.920705556181362295e-01
4.903886739102267245e-01
4.801545511085372198e-01
4.811224422005627721e-01
4.779094027148280688e-01
4.795198867891652394e-01
4.700235715325287722e-01
4.744345531302274210e-01
4.763782393836067386e-01
4.735936190196821105e-01
4.555688811851190678e-01
4.499520216724360311e-01
4.353307278554783832e-01
4.438988215150838079e-01
4.426294690760709249e-01
4.402573771877004716e-01
4.472784605036551064e-01
4.537283254639435381e-01
4.602733946735232951e-01
4.613602807637127712e-01
4.602813344432551412e-01
4.580679157748084873e-01
4.524589920651457819e-01
4.583138542676337135e-01
4.524034517574529457e-01
4.510071621705171174e-01
4.422407273826781671e-01
4.408682483781726780e-01
4.404477769595174785e-01
4.403763801192875360e-01
4.465327116021858833e-01
4.459297809747877483e-01
4.443510202789747732e-01
4.497060863529800390e-01
4.484922742216598812e-01
4.494680749364098893e-01
4.531650532247477603e-01
4.450888349641081154e-01
4.445414200507917246e-01
4.413839224594344746e-01
4.483494591209578051e-01
4.485160617971635788e-01
4.469928398223587118e-01
4.519115652516947912e-01
4.592896518090144320e-01
4.612016083371313635e-01
4.624074918055117167e-01
4.562828892545336412e-01
4.494522168171881105e-01
4.466517200871690241e-01
4.435100806150335528e-01
4.451443570249281612e-01
4.359019295509563019e-01
4.264373567130589904e-01
4.212647609545886462e-01
4.175677890129891878e-01
4.176629861221996531e-01
4.304278621320485332e-01
4.259296184348175252e-01
4.307372703888487364e-01
4.327602892854783279e-01
4.341010393580636006e-01
4.373854764773705273e-01
4.426215412064734012e-01
4.450412312527779468e-01
4.495077452247464578e-01
4.549104031099474588e-01
4.599084580091646890e-01
4.639386432365986690e-01
4.742362302488666859e-01
4.786868813415598445e-01
4.845576032499540053e-01
4.796468175903497166e-01
4.787503423787694001e-01
4.757515092805705836e-01
4.778856024458476015e-01
4.793215496276433396e-01
4.901824025323689438e-01
4.964101443423162840e-01
4.917294239828119973e-01
4.865488868679251899e-01
4.816222454691260757e-01
4.827091148991273228e-01
4.981792889431004290e-01
5.055653224102326648e-01
5.060651439256688144e-01
5.018842141412509505e-01
5.008846004640435945e-01
4.914358841586833893e-01
5.011939912673132325e-01
5.049941080212779765e-01
4.938952397332708188e-01
4.902776004349215788e-01
4.825980588773528535e-01
4.725464143246215221e-01
4.808130387038164755e-01
4.765845218682567275e-01
4.777269300192661938e-01
4.872470384048026570e-01
4.978857554657103446e-01
4.989012447156699892e-01
5.049861960185265675e-01
4.909995443073565946e-01
4.882466647754867273e-01
4.854858248469851034e-01
4.803846346555100677e-01
4.962752721847154547e-01
4.832247929471005787e-01
4.826615278479854387e-01
4.814953138745993177e-01
4.859380283709297532e-01
4.805988315229383634e-01
4.932526396108784517e-01
4.893573257477030203e-01
4.813763093563277473e-01
4.842958042578801581e-01
4.865726990370401461e-01
4.875643761178846680e-01
4.890320530249429032e-01
4.809875732163311768e-01
4.809082413664230171e-01
4.830581974109756649e-01
4.785837412892482434e-01
4.907218752959265351e-01
4.888892514110599885e-01
4.976398264929926540e-01
4.992423819043901867e-01
5.012733429507787442e-01
4.868820969803903664e-01
4.832803332547934150e-01
4.884053253019334795e-01
4.858666124904846284e-01
4.924592973115289873e-01
4.858348843519067484e-01
4.929511663637564101e-01
4.968940783848658227e-01
5.055970624489449783e-01
4.929987708684288594e-01
5.012336552089116104e-01
5.012812581268993872e-01
5.010829304854849120e-01
4.995279851321559605e-01
4.908646777031517860e-01
4.848828886661909476e-01
4.791232156394905073e-01
4.769573943356356094e-01
4.808209673667561135e-01
4.710549252484483862e-01
4.761719806992258941e-01
4.709676504554392573e-01
4.730224101841236095e-01
4.759260406197158844e-01
4.788931384392561830e-01
4.788296758153620658e-01
