4.295386658360647592e-01
4.289641385157798581e-01
4.180629607492087341e-01
4.286078021447294328e-01
4.434578404790821549e-01
4.484757421581548331e-01
4.589551291778268260e-01
4.628967174411979801e-01
4.581842685464445064e-01
4.431306049613615294e-01
4.406652828576763103e-01
4.437560122322254941e-01
4.458140707443024042e-01
4.488829781150063258e-01
4.555298701642332415e-01
4.411961690791925128e-01
4.376400071317452234e-01
4.324766724546065255e-01
4.158739956671260174e-01
4.194228816740104282e-01
4.082090006356226541e-01
4.048346419350603020e-01
4.038019761632012927e-01
3.978386894553458952e-01
4.203464628797090596e-01
4.216336694871687940e-01
4.268333685952828138e-01
4.347456343396678413e-01
4.473703547966496608e-01
4.578788208527382886e-01
4.672455532971075409e-01
4.615658864612695034e-01
4.582133584913177238e-01
4.520828153270902150e-01
4.438360192164301776e-01
4.372400449337653927e-01
4.697617742593632184e-01
4.738851752236148962e-01
4.830919104258745711e-01
4.917968595327175119e-01
5.012217660489896032e-01
5.075486796130673772e-01
5.189589150522354588e-01
5.206024420316760493e-01
5.096939861428508856e-01
5.095412568417695409e-01
4.996727455742878132e-01
4.953457309949929610e-01
5.045670188056091687e-01
4.855135783406432370e-01
4.963347651220792467e-01
4.878043607750888744e-01
4.818701581942632650e-01
4.998691050656812185e-01
5.005599834386939007e-01
5.075850491346556304e-01
5.195625177727847266e-01
5.235622742902151794e-01
5.220132763596571079e-01
5.137737598257122729e-01
5.052724337879082039e-01
5.039997645169653762e-01
5.003127054535080331e-01
5.014181153591569240e-01
5.016435429785103262e-01
5.062905505875631151e-01
5.115775260753709919e-01
5.050324397428199719e-01
5.035270734570348461e-01
4.946185012811530335e-01
4.917459483112294749e-01
4.906260061596767197e-01
4.800520879094309912e-01
4.739215287461335802e-01
4.752014550496479472e-01
4.999927400585066906e-01
5.051488053401566036e-01
5.044943139422629619e-01
4.996000450743244836e-01
4.895715307468898048e-01
4.880588957928462257e-01
4.809102140120503077e-01
4.837827837082740445e-01
4.795575697550420458e-01
4.969383845689286372e-01
4.973237985219349788e-01
4.998982066462415719e-01
4.931640520346993739e-01
4.893388177329778266e-01
4.875061933853282459e-01
4.797975587095170691e-01
4.655874678914669329e-01
4.586860575507831217e-01
4.428688005481152268e-01
4.361710103675484063e-01
4.315894513165006163e-01
4.368836889274929636e-01
4.364255293862360219e-01
4.359819246350265520e-01
4.358219266656866431e-01
4.420106657187304333e-01
4.478139660929330579e-01
4.479085045958113298e-01
4.457122701182396618e-01
4.469412852002658809e-01
4.484902787674414082e-01
4.492393297578962108e-01
4.523300598596756150e-01
4.621331174785391904e-01
4.693690698211852030e-01
4.739069928640775031e-01
4.587151438595040154e-01
4.532900098597321681e-01
4.449268648780358437e-01
4.417125077829655577e-01
4.204701007814561908e-01
4.109215556362063038e-01
4.084053404917941665e-01
4.087762280167400175e-01
4.075472085713311432e-01
3.998313037728005170e-01
3.976277911729746428e-01
3.950970328742020032e-01
3.853085060467814071e-01
3.826759245778022511e-01
3.842976564609241197e-01
3.828068318750384447e-01
3.712802402925294842e-01
3.666986870593252346e-01
3.631934305155224418e-01
3.635424974910840823e-01
3.585027854438532224e-01
3.616153310044039615e-01
3.598117973288581517e-01
3.529176614742762230e-01
3.517468255547659961e-01
3.481033937726989436e-01
3.398420603255220551e-01
3.272973359442883368e-01
3.331442650543420259e-01
3.340096656430636135e-01
3.378058078182205048e-01
3.362204396388435712e-01
3.319952329579159978e-01
3.404020255834549480e-01
3.416455830926112824e-01
3.413765005571108291e-01
3.495723847190523315e-01
3.467434597577494504e-01
3.523431385173740327e-01
3.617607756381572837e-01
3.654841976781288415e-01
3.665314167855746597e-01
3.706475425364939014e-01
3.806833255321869225e-01
3.813814776640711557e-01
3.878683608355014134e-01
3.871847664025865332e-01
3.942970801162548611e-01
3.904136659247868235e-01
3.943625228564164309e-01
3.931626035371069139e-01
3.919990239229376172e-01
3.902391269827778508e-01
3.899700619008079627e-01
3.843049302197956152e-01
3.869374956897051465e-01
3.853157747150399715e-01
3.937371032226350542e-01
3.914245096928007928e-01
3.983841122861487283e-01
3.937589375893975618e-01
4.146377111896108469e-01
4.179684266097131728e-01
4.221572761319699052e-01
4.183683997161497525e-01
4.172630130818748562e-01
4.133941369541543343e-01
4.076562931374916876e-01
4.142449958429763046e-01
4.216409388826578564e-01
4.172339165919276560e-01
4.169866676959595453e-01
4.164267017107962654e-01
4.235535673055903505e-01
4.279533034745312547e-01
4.303458865350398566e-01
4.302222479060620608e-01
4.314585382014208270e-01
4.183102220080944789e-01
4.124923821156836201e-01
4.092852987794850517e-01
4.020347996463262685e-01
3.974678004759392702e-01
3.915045123136229321e-01
3.884574102204640389e-01
3.866684298805049269e-01
3.866393384811706579e-01
3.982168478302415271e-01
4.022166188922809416e-01
4.053291688162143913e-01
4.114233584579232716e-01
4.231390306823408776e-01
4.246662240625844742e-01
4.274660714419316609e-01
4.256116207270541629e-01
4.337929588257134483e-01
4.309058474295899832e-01
4.304404206745354178e-01
4.245789447739689582e-01
4.261206762179599594e-01
4.346656331733065870e-01
4.303095191951427090e-01
4.261061221551428191e-01
4.286732499755039338e-01
4.426578942662091620e-01
4.476176058743090991e-01
4.517991801832334509e-01
4.610350038759055136e-01
4.598059887938792945e-01
4.563443762577668594e-01
4.520682627187338487e-01
4.486939192900109563e-01
4.405998408447451831e-01
4.449850447677823340e-01
4.358146681786543297e-01
4.384181444309209752e-01
4.317421689818949360e-01
4.154522056474574954e-01
4.123542010595759311e-01
4.086235168964196807e-01
4.027256729287257975e-01
4.003476272047343798e-01
4.073363117434207759e-01
4.134450481756422602e-01
4.173066439994173593e-01
4.265352062961353385e-01
4.253861821992441783e-01
4.307095075734185818e-01
4.300331730819967890e-01
4.330948176022857976e-01
4.293423056174409669e-01
4.379672601029964696e-01
4.373127461609592204e-01
4.422797431636178445e-01
4.469412859274963234e-01
4.622276661626436023e-01
4.611586323236571694e-01
4.592532972948179526e-01
4.523882462944961991e-01
4.420979326444285373e-01
4.383454272046575784e-01
4.329639161228932553e-01
4.232044792403459321e-01
4.166957806101445061e-01
4.221645498908415117e-01
4.306658715652629255e-01
4.315676344032683964e-01
4.317130790370216076e-01
4.335093447715394621e-01
4.292550474185081733e-01
4.075617604524569004e-01
4.038528822940761764e-01
4.053073380856038743e-01
4.025220440418433854e-01
4.035038138640536509e-01
3.974168936178337219e-01
4.158667262716371771e-01
4.192119906639436011e-01
4.218300187973360593e-01
4.210518822253908056e-01
4.275315098187104645e-01
4.271824370253052838e-01
4.299022759659869020e-01
4.293568487718014137e-01
4.397053394026939066e-01
4.408470970130178301e-01
4.444541650913400033e-01
4.458940777285071988e-01
4.333711688060448153e-01
4.332548039359386816e-01
4.440978134484502848e-01
4.512319404391984534e-01
4.553771524988388664e-01
4.501192793188217300e-01
4.459158873694349379e-01
4.468394685751335138e-01
4.601986939592876968e-01
4.577115673052878364e-01
4.577115665780573939e-01
4.559880340688727274e-01
4.663292458502805160e-01
4.735070190304104809e-01
4.732088523678803504e-01
4.852154225865696335e-01
4.936003881176502239e-01
4.960366079135447026e-01
5.047924682418756248e-01
4.917895806832329186e-01
4.910914460048793617e-01
4.818119783045166638e-01
4.832373550596277822e-01
4.751505554638468798e-01
4.809102198298937925e-01
4.717398366956920275e-01
4.721325367704873877e-01
4.766122791964026439e-01
4.712526002997096675e-01
4.550426330410203835e-01
4.504829003572003998e-01
4.360255599159516549e-01
4.434505827192802285e-01
4.428251587221161967e-01
4.389417503484917549e-01
4.479448661178648261e-01
4.542499474968709205e-01
4.602205043274458229e-01
4.613259025974076333e-01
4.594860103087299863e-01
4.591805757051718451e-01
4.517264687748134278e-01
4.571952431461236421e-01
4.526718647120527295e-01
4.499738354122990169e-01
4.425924457082041630e-01
4.403598482541180581e-01
4.398653300997293347e-01
4.416179590988612014e-01
4.454286451556090931e-01
4.466431287189618349e-01
4.442578034182553814e-01
4.492829679477430282e-01
4.495084137478574937e-01
4.500392825158431864e-01
4.526864013213393600e-01
4.451813889873363905e-01
4.459813352002094944e-01
4.421488344119208214e-01
4.478357691887867031e-01
4.489120738777231945e-01
4.462940399264871405e-01
4.522209687484410878e-01
4.593405562209810777e-01
4.608604692972790295e-01
4.614495295906981820e-01
4.556025968444923913e-01
4.517700996923558754e-01
4.467594834078418842e-01
4.437632874455579857e-01
4.445995973621757469e-01
4.356983033085482515e-01
4.259388729710750776e-01
4.200701174937935267e-01
4.184338548192287344e-01
4.189429139462867435e-01
4.302804350681130319e-01
4.262297666019640441e-01
4.299168242109605020e-01
4.325712109574846309e-01
4.338947696330022752e-01
4.374000203589614721e-01
4.410216315916442587e-01
4.465703969480894764e-01
4.489848012852127312e-01
4.512101235259664000e-01
4.600023388312767803e-01
4.627730897206768224e-01
4.734924715126672123e-01
4.772667996835139870e-01
4.849099814379374540e-01
4.811356583577039436e-01
4.789975986792656681e-01
4.752014601402609895e-01
4.774922374840935291e-01
4.799648166203502320e-01
4.902842136702171838e-01
4.957602632548597232e-01
4.928222515457050257e-01
4.863935257198775397e-01
4.810193058505152774e-01
4.843500118166219615e-01
4.961384158119119814e-01
5.053088091273401083e-01
5.069596360459481810e-01
5.031198491358704894e-01
4.988437239611503426e-01
4.943276120136466667e-01
4.997236669770021567e-01
5.031925590898295164e-01
4.952511997644191699e-01
4.912950639833049138e-01
4.818556215849766899e-01
4.733761182782482702e-01
4.788885199309486640e-01
4.782921902420405047e-01
4.774704154802482670e-01
4.863353574658180745e-01
4.985382777219051209e-01
4.994691428677014433e-01
5.050615624130631032e-01
4.917895799560024206e-01
4.872589495799732329e-01
4.820956090849908282e-01
4.810774864674922657e-01
4.965674846810652632e-01
4.850263397629695494e-01
4.821610627336088695e-01
4.816883614924522550e-01
4.857608497807551218e-01
4.801029918586145473e-01
4.934622128793861306e-01
4.895278932842734854e-01
4.812302012239648707e-01
4.842554776771263447e-01
4.858990206556367819e-01
4.870625871796579465e-01
4.880443424572595279e-01
4.806993259109053618e-01
4.806047888624878639e-01
4.844518328051370948e-01
4.783794542588167276e-01
4.901460427953355237e-01
4.893969918048808321e-01
4.968874718929797152e-01
4.995200482713458290e-01
5.012072287124726966e-01
4.873389289294212112e-01
4.832809917950137701e-01
4.897678873293614399e-01
4.881606964189090792e-01
4.936294722446801231e-01
4.860735486891892276e-01
4.921022905001235515e-01
4.973383525847521192e-01
5.039852548152049527e-01
4.941458167662966527e-01
4.997454773451603383e-01
5.038616081866925667e-01
4.990255264808048374e-01
5.001309298413798565e-01
4.905314749291029286e-01
4.853026975118024944e-01
4.790339638374714326e-01
4.767431923114823777e-01
4.809611252335383447e-01
4.717034846276342286e-01
4.752887248842677104e-01
4.708962522929721062e-01
4.741906054637904933e-01
4.790557734783991162e-01
4.788157859783850334e-01
4.791503170718904858e-01
