4.290279251844046349e-01
4.293434185597196917e-01
4.184752426783867607e-01
4.270878894040762153e-01
4.432726778750858965e-01
4.473944056499151167e-01
4.567857456704227936e-01
4.616861573420155129e-01
4.569938501572027301e-01
4.436687562149840280e-01
4.408224787521859422e-01
4.450046105112137051e-01
4.452596992310406399e-01
4.497103421462054218e-01
4.555102899880746903e-01
4.418831230929818332e-01
4.383924089203684038e-01
4.317466455327861885e-01
4.161727185490619596e-01
4.174951631634848392e-01
4.075869368346820010e-01
4.040290957121462356e-01
4.032973879929542260e-01
3.970678261947457321e-01
4.212409566578704245e-01
4.209791590694020869e-01
4.263024919396439794e-01
4.346399085712105981e-01
4.493277231635473545e-01
4.580410492378410026e-01
4.670967511522894910e-01
4.596924277887090016e-01
4.579739330285529930e-01
4.506703071383971193e-01
4.443467600918535321e-01
4.398692595495656277e-01
4.687884023824047675e-01
4.724805007612330465e-01
4.815026308095999297e-01
4.908469859257709733e-01
5.013191042771845130e-01
5.099183325943016376e-01
5.208536253562120466e-01
5.205649667841725226e-01
5.084548970172284577e-01
5.077366063640293969e-01
5.000637705017325629e-01
4.956131316143056464e-01
5.029503327269915225e-01
4.864701654033769529e-01
4.950492456333018820e-01
4.891083383793951023e-01
4.824692852030333934e-01
4.991172641954913503e-01
5.004262877161834711e-01
5.086428916803253930e-01
5.186652251643596445e-01
5.216524573401677412e-01
5.209274638599341589e-01
5.127377376616044646e-01
5.037961543143112397e-01
5.039102628121219229e-01
5.015204723724479008e-01
5.002383219185407848e-01
5.004464089517901559e-01
5.057496031328947428e-01
5.117576547902541462e-01
5.065752867023667338e-01
5.049776200492970268e-01
4.950358225257020517e-01
4.911020692752808281e-01
4.924849232442191083e-01
4.794753394595566709e-01
4.743601043631981984e-01
4.753536143698859906e-01
5.003658642645852916e-01
5.049574867304766901e-01
5.029704861845006869e-01
4.999966623479202288e-01
4.903166617415039563e-01
4.894775496941151660e-01
4.800794954346490617e-01
4.824088765198073503e-01
4.799788053454105419e-01
4.959622156518121994e-01
4.977344035136566647e-01
5.002786026532636265e-01
4.939617658179407678e-01
4.894104220729032506e-01
4.883162166066599696e-01
4.783542871068242608e-01
4.679425767673470182e-01
4.600280759641128814e-01
4.430713077659534926e-01
4.406680908622316872e-01
4.317533557440066949e-01
4.351903613752702293e-01
4.368551563208416533e-01
4.366336347680687680e-01
4.370632540947250733e-01
4.433465311471799231e-01
4.478441744063431096e-01
4.479918540989457076e-01
4.478374594960951027e-01
4.470990361953652847e-01
4.485624429069841046e-01
4.478508819324051315e-01
4.521471322585880470e-01
4.626192438971051812e-01
4.686205806442166333e-01
4.715809713038528472e-01
4.575980074748745019e-01
4.520598719898456519e-01
4.458907229026010111e-01
4.413595178467008551e-01
4.194284806771170215e-01
4.116012354435976683e-01
4.087683938429024222e-01
4.078890050885284335e-01
4.067545256004586607e-01
4.001960379212805008e-01
3.974370321391486605e-01
3.953627498431619425e-01
3.852195580440077038e-01
3.817288485704217194e-01
3.846086871586671951e-01
3.819369523859119653e-01
3.709546626364512156e-01
3.663227634635749519e-01
3.641679190268526933e-01
3.636107466135176103e-01
3.607778989712155937e-01
3.611940958615618702e-01
3.608315987858002893e-01
3.542126930253411965e-01
3.486544154947267549e-01
3.482852041800067466e-01
3.406929190465215473e-01
3.278712889762879779e-01
3.323420759509071454e-01
3.328388242413546916e-01
3.370075308789137747e-01
3.375915495074482964e-01
3.331341869830080626e-01
3.397866740076037062e-01
3.411359621520672070e-01
3.421428919099064325e-01
3.489699061848833272e-01
3.463585908359884113e-01
3.526888527927798389e-01
3.614760368381950140e-01
3.647787858844554476e-01
3.665442809886099718e-01
3.700417033585751136e-01
3.788288880752798682e-01
3.800774975424288105e-01
3.887304102344689150e-01
3.871260273285716536e-01
3.952620604252130021e-01
3.908449672235718153e-01
3.922949514988806063e-01
3.931474980657930218e-01
3.912678790241661542e-01
3.905361753327121210e-01
3.885357409385022387e-01
3.851725731396710151e-01
3.869044916787164334e-01
3.844341451399139187e-01
3.937315099814311381e-01
3.914357000910647089e-01
3.974907373240505470e-01
3.942081417352992223e-01
4.132660431436721571e-01
4.197708404063205667e-01
4.222546107240124913e-01
4.188176050927490124e-01
4.166761951755502680e-01
4.124940493194402813e-01
4.071975781040593767e-01
4.141588449363012847e-01
4.216303120320449294e-01
4.185222356381991249e-01
4.177972481995723131e-01
4.159646295019439055e-01
4.225567031442860055e-01
4.302899483610982401e-01
4.318070589150396765e-01
4.293904074917943015e-01
4.321158420791340604e-01
4.183275629857841627e-01
4.132928940578989851e-01
4.090704869344655159e-01
4.026193827735054520e-01
3.982895686367166066e-01
3.907778402736497014e-01
3.889653508671035431e-01
3.878510181236468624e-01
3.871260226295442086e-01
3.983231358037705450e-01
4.012969522561651292e-01
4.061638061587585780e-01
4.116348133512860441e-01
4.229191861229651961e-01
4.241610806798660760e-01
4.269603671967207581e-01
4.262353582768253490e-01
4.333443141997249670e-01
4.299542941440878119e-01
4.310686376281788190e-01
4.248524942385424330e-01
4.264635907121084868e-01
4.341632835302387527e-01
4.310149337858562579e-01
4.278934302566731462e-01
4.286184291072239194e-01
4.426081085177399066e-01
4.473272740009653914e-01
4.534494361700044940e-01
4.609074586768799886e-01
4.601556183101574438e-01
4.552954880445772567e-01
4.514422868655466048e-01
4.483476463338039730e-01
4.447562420719518017e-01
4.448502273202868951e-01
4.367276233728519808e-01
4.387280544106135216e-01
4.321158528197682758e-01
4.175018794163121716e-01
4.114065614486034916e-01
4.086341426282166234e-01
4.035994663161452944e-01
4.014043471863070756e-01
4.050360261412752072e-01
4.139708945783203142e-01
4.179449265495956412e-01
4.264971659346382116e-01
4.263763344711039016e-01
4.303772193704749616e-01
4.298737427439865422e-01
4.328945508136141096e-01
4.292360189305503559e-01
4.383118534925293797e-01
4.375197263494772226e-01
4.424671437353853154e-01
4.475823660772405566e-01
4.582491570810690584e-01
4.604107063586947435e-01
4.588801720258640637e-01
4.521471429992222624e-01
4.416011767460318316e-01
4.380164934360345486e-01
4.309478101923823190e-01
4.250136064367996958e-01
4.169044376801779861e-01
4.229997475924109351e-01
4.300751370195459722e-01
4.290682012200999207e-01
4.322433991935507036e-01
4.328542754492084033e-01
4.308001304997796099e-01
4.074929515863469631e-01
4.043714554413498363e-01
4.050158881234274255e-01
4.021293406665406578e-01
4.050628824258189487e-01
3.979673516243880660e-01
4.169648450208247037e-01
4.189451521378210752e-01
4.187504774715371525e-01
4.193613530559052172e-01
4.275309486205731702e-01
4.280344158490064777e-01
4.305450364096356508e-01
4.288668082871199827e-01
4.396879985928265899e-01
4.433465304758902881e-01
4.445749972261640037e-01
4.456557681728838816e-01
4.328139994135130619e-01
4.325790386421891620e-01
4.440312445639804095e-01
4.510193649956076301e-01
4.548591437383283087e-01
4.500459977057950645e-01
4.459578458247853150e-01
4.506904350869002651e-01
4.599877959006795636e-01
4.565038067076586659e-01
4.562352888386253524e-01
4.562688553343897668e-01
4.654655213599032115e-01
4.726281864954424150e-01
4.736351216235987205e-01
4.847181095177734433e-01
4.934381599003699326e-01
4.958883670787456177e-01
5.045949990527699436e-01
4.932032098696805256e-01
4.926124716318706076e-01
4.819322508075458700e-01
4.825028516987978633e-01
4.780119320766480495e-01
4.797572790936101561e-01
4.728228497498024874e-01
4.735545534412566315e-01
4.776024292865710397e-01
4.716279615785066159e-01
4.546644744423614659e-01
4.503883621340261101e-01
4.374727501719057887e-01
4.409567400362162659e-01
4.437493029160576863e-01
4.393053628279275369e-01
4.479045864460171611e-01
4.546846057473127312e-01
4.595447420544996886e-01
4.623306000934376270e-01
4.581417540954514367e-01
4.575912972636540510e-01
4.510596517719372978e-01
4.566380706768476405e-01
4.519994579363025289e-01
4.500527119447535473e-01
4.432391214486660069e-01
4.401109090508416033e-01
4.415541817723505624e-01
4.427490826981494432e-01
4.453402613717760139e-01
4.468372433059244475e-01
4.442594843834495322e-01
4.478911633384176083e-01
4.490256448403562861e-01
4.496633619408961779e-01
4.532413323545143036e-01
4.463136286615885240e-01
4.465418637820301462e-01
4.436620319066811313e-01
4.488041065053424150e-01
4.487034130596558312e-01
4.455953386796791538e-01
4.525364762208386460e-01
4.594440479375233588e-01
4.604039907771569906e-01
4.599542334326528481e-01
4.553290484987349562e-01
4.510193750649522659e-01
4.468640908637032116e-01
4.450448925885159279e-01
4.449777589256972421e-01
4.356535512254288700e-01
4.262823492227688638e-01
4.222009015113729058e-01
4.176294257900945439e-01
4.176025735332885014e-01
4.281216767890386188e-01
4.270207671531813798e-01
4.296119451555184265e-01
4.317332177261589132e-01
4.337336621897133204e-01
4.362912743675754212e-01
4.402988755197737580e-01
4.454543792676414760e-01
4.484281923635878853e-01
4.513550091432735889e-01
4.597796927564787861e-01
4.653983930674018277e-01
4.752327882766685385e-01
4.752260800793169926e-01
4.851947191190836284e-01
4.817107285834834607e-01
4.804218531499837019e-01
4.750448265067638842e-01
4.762598594088037207e-01
4.806232420552260520e-01
4.914041475984718965e-01
4.953513340258374753e-01
4.921627082457596392e-01
4.866178491237174719e-01
4.818181389532870118e-01
4.840333867029181225e-01
4.954721621329236658e-01
5.041586668297346474e-01
5.066961510590934914e-01
5.034269638095699717e-01
4.982915853250467486e-01
4.955527168894729995e-01
4.982244530048074993e-01
5.028563575480008430e-01
4.951230942063684082e-01
4.912027647348363169e-01
4.812005531576984962e-01
4.751321002012990347e-01
4.787167835112962067e-01
4.789651566495854995e-01
4.777971079805926613e-01
4.858660134560222610e-01
4.990232836461838128e-01
5.011512858954445537e-01
5.052193145269785468e-01
4.919613193405174001e-01
4.875241102735866083e-01
4.827109602133156097e-01
4.809656037982985022e-01
4.948075867339709055e-01
4.838789961278052720e-01
4.812341250237800461e-01
4.816905966072425049e-01
4.843891829655141423e-01
4.798848241248135360e-01
4.927198799878051982e-01
4.901085585973034009e-01
4.806098182763366977e-01
4.841206610687429635e-01
4.856377776642910593e-01
4.886854272500903429e-01
4.874234000456589277e-01
4.816704572468156753e-01
4.803748736159642041e-01
4.839931193939880361e-01
4.783878468896923253e-01
4.872488674249605412e-01
4.901286966151511271e-01
4.963851247672481093e-01
4.988688950849399228e-01
5.023998906635659401e-01
4.888129648971074603e-01
4.838051596379521202e-01
4.913907251621617567e-01
4.883095023677016533e-01
4.946129113963975144e-01
4.851141623486654453e-01
4.884639016695797031e-01
4.969758542782928279e-01
5.024670189560673794e-01
4.927400233759700043e-01
4.998019769410023683e-01
5.032322763887829842e-01
4.990434270343486189e-01
5.004867098252021584e-01
4.914981335180966249e-01
4.856847726379722729e-01
4.800794954346491172e-01
4.760651914554162034e-01
4.809051837031486087e-01
4.720441624965908134e-01
4.735344201224364058e-01
4.741721432645830681e-01
4.726080424359879184e-01
4.800123617718304869e-01
4.785019600865305089e-01
4.798713963181863162e-01
