4.291386851456536200e-01
4.293568455512093984e-01
4.203869781342616796e-01
4.268260848629653048e-01
4.425903586607283224e-01
4.462057440736050262e-01
4.558924535486625351e-01
4.608480033208384730e-01
4.553750810348725087e-01
4.428147798970413773e-01
4.423223304015873047e-01
4.451772262164017113e-01
4.473402185749518201e-01
4.501826438421628329e-01
4.549512039677280906e-01
4.422787021851863898e-01
4.397853356862221341e-01
4.312331100626171643e-01
4.167653711610714851e-01
4.171830110843931516e-01
4.076708450186175559e-01
4.044855719466869393e-01
4.027028184654343756e-01
3.971862617296638698e-01
4.214404233731837701e-01
4.221074069278139551e-01
4.268634977524564111e-01
4.354718271267888907e-01
4.477578647316771687e-01
4.597509223854310823e-01
4.649620491926961807e-01
4.607420379499295726e-01
4.588844904800540303e-01
4.506189995603356313e-01
4.443606659046521190e-01
4.394736754706380366e-01
4.674429451440569872e-01
4.757209091047404081e-01
4.808759327846185427e-01
4.898084060122864791e-01
4.997693833836693855e-01
5.120242620730796057e-01
5.205577831219601048e-01
5.196040648634433490e-01
5.082654977764625714e-01
5.067570053347913994e-01
4.979866105788651187e-01
4.954683241782665837e-01
5.008602240585520171e-01
4.854761791646403646e-01
4.964594372494037233e-01
4.877513765312835869e-01
4.809382668224245760e-01
4.994327689827303685e-01
5.011220357441025230e-01
5.082779945043619518e-01
5.185256972295257949e-01
5.203832397126783027e-01
5.223155942613251224e-01
5.116689493308199665e-01
5.063082133527357920e-01
5.047747922826651967e-01
5.009848809140370340e-01
4.992395396989354195e-01
5.014710889022857554e-01
5.043446886684842534e-01
5.108336750942401583e-01
5.077044933062293541e-01
5.049617950194236204e-01
4.952189874037021267e-01
4.925136914096010510e-01
4.929624964818045130e-01
4.792552496716829813e-01
4.742872206251383393e-01
4.752097656313484242e-01
4.995200416223817830e-01
5.049493344452661292e-01
5.036278709206490900e-01
4.983107637823062652e-01
4.898208659631034245e-01
4.883497826708811940e-01
4.823844208629071706e-01
4.814743445342794526e-01
4.797289883590086235e-01
4.980801315824662234e-01
4.981237548121440484e-01
4.992146104471956725e-01
4.932056054626518526e-01
4.885804204807845386e-01
4.870781676762976908e-01
4.799035292749289638e-01
4.679353852894053700e-01
4.590839531676295660e-01
4.439118595857678984e-01
4.410382560795271800e-01
4.322865528081775155e-01
4.345430474701174606e-01
4.374166416262525448e-01
4.364255329184981158e-01
4.378903815602591121e-01
4.423410362229924786e-01
4.479261653870727500e-01
4.468228504245444488e-01
4.488362410923600332e-01
4.472654202229460751e-01
4.487427338022471623e-01
4.468851819689890204e-01
4.508745572718731442e-01
4.637901649185600661e-01
4.690324656014723814e-01
4.710645571039701607e-01
4.591400581650375012e-01
4.516849066200957497e-01
4.472965934752529682e-01
4.412875928540916370e-01
4.202436198207538665e-01
4.118347493939547022e-01
4.094785246349078589e-01
4.082941760465720882e-01
4.064490910208750640e-01
3.998354583364202575e-01
3.975290958208951841e-01
3.942440945218788628e-01
3.857541923392933114e-01
3.816775456434384206e-01
3.839839081589634939e-01
3.818583149764163132e-01
3.711493360081051240e-01
3.662374107122879363e-01
3.651216308122194887e-01
3.630334361823348011e-01
3.604154041011198850e-01
3.608018726421557409e-01
3.609514730862095067e-01
3.544625072306860636e-01
3.501614623621120970e-01
3.474623922917071117e-01
3.422824343733660846e-01
3.274843362915754175e-01
3.318913533878022903e-01
3.339109706026544555e-01
3.377445133043849856e-01
3.364541943584175021e-01
3.340231656373014446e-01
3.382556561544367568e-01
3.408425149833448353e-01
3.435789742563066240e-01
3.491391691819240584e-01
3.479984562900736988e-01
3.526423402366019588e-01
3.620672536096183336e-01
3.637565103975443082e-01
3.669729486183568312e-01
3.703202870718811934e-01
3.774201395880517063e-01
3.808111218414862997e-01
3.885841632657505706e-01
3.866393431562235028e-01
3.953224752459442159e-01
3.912769918289500382e-01
3.907970184911629397e-01
3.933527184045929048e-01
3.921995343417986057e-01
3.913580254547576742e-01
3.903170532568007167e-01
3.859785998621180214e-01
3.872128069539333417e-01
3.852243492778998357e-01
3.947302937833621073e-01
3.915948923050590058e-01
3.973857262872605989e-01
3.939261996558331980e-01
4.133993418463110525e-01
4.201064843142401917e-01
4.230922859718299622e-01
4.186104667835550686e-01
4.156807695000330205e-01
4.131375307841009259e-01
4.085123451788933435e-01
4.144465399679641560e-01
4.206861927358575559e-01
4.189719998394473843e-01
4.156246663726461676e-01
4.159238710007958639e-01
4.229115253656173801e-01
4.311770112986127446e-01
4.313203721054822415e-01
4.266577798441871239e-01
4.319873375832413154e-01
4.204181513865684061e-01
4.149140577183169087e-01
4.094286655080879300e-01
4.025719119993186879e-01
3.984765719488662095e-01
3.913330912162948372e-01
3.895690329596609991e-01
3.884033945561132239e-01
3.880231550554751885e-01
3.971426247864976999e-01
4.017366477361850596e-01
4.054953933325906590e-01
4.105756142970804490e-01
4.224315420543840460e-01
4.250620484232446872e-01
4.277673525207707494e-01
4.268198589392691589e-01
4.330719629312143604e-01
4.292010104566943984e-01
4.306346951962543024e-01
4.256853713477743995e-01
4.265829833622025169e-01
4.341815038174386965e-01
4.311957027831893052e-01
4.283594972062707007e-01
4.287522091245331568e-01
4.423659660980727160e-01
4.454764333379128693e-01
4.539102267830480431e-01
4.592148490369588054e-01
4.609602052122296345e-01
4.553626160973324177e-01
4.513483071793257251e-01
4.484622430989276820e-01
4.433072144323264019e-01
4.450338703962554709e-01
4.374228893668618001e-01
4.397666367215610217e-01
4.335332335642981816e-01
4.192836718984987443e-01
4.133494671359817518e-01
4.081258816245804111e-01
4.040990996656087519e-01
4.009574597968021403e-01
4.042487007330030080e-01
4.139104759695975133e-01
4.182364588166765929e-01
4.270629660500953606e-01
4.271190698008227593e-01
4.295313933238739112e-01
4.293755495025934343e-01
4.310274071145167585e-01
4.297557871332103874e-01
4.390186263978675396e-01
4.369304317679828520e-01
4.429456776363917547e-01
4.465174142626351927e-01
4.592896561157298052e-01
4.609851388273521478e-01
4.582424455272691710e-01
4.512610395263973451e-01
4.412314891033644604e-01
4.385137256783617210e-01
4.317380151455056381e-01
4.269382904943987422e-01
4.182676339390045683e-01
4.224190821035670451e-01
4.301173307858890404e-01
4.288768840568893403e-01
4.319374834431444765e-01
4.328662643464967208e-01
4.305225026549686640e-01
4.072656731495379323e-01
4.046102431390009024e-01
4.050715094087021240e-01
4.014935325219339268e-01
4.050278799456204504e-01
3.956341410715917273e-01
4.165534422892753219e-01
4.193086048902808227e-01
4.192400374486940917e-01
4.198446826021356992e-01
4.273309986726190890e-01
4.279169404980168734e-01
4.296872234316660433e-01
4.288145425389989218e-01
4.392492629610903476e-01
4.425093356317072457e-01
4.444229955790754416e-01
4.463428795801187010e-01
4.309650737000511600e-01
4.332527272774691629e-01
4.432822770771617238e-01
4.516973659475723157e-01
4.552628747800985809e-01
4.504880893541775566e-01
4.469537500339159641e-01
4.507872946056677987e-01
4.610599415427403813e-01
4.565469590756047191e-01
4.550384759840391813e-01
4.554062493004562562e-01
4.677109864933459704e-01
4.718998357039325131e-01
4.730405504658040661e-01
4.826025893718878801e-01
4.923329276866865167e-01
4.950569257621505459e-01
5.049929819852186919e-01
4.929251041625459240e-01
4.912607816130826199e-01
4.835625235806547129e-01
4.822971488465960799e-01
4.780148079294060937e-01
4.787690441767957217e-01
4.729096383896250200e-01
4.726727659292601635e-01
4.758081674075631540e-01
4.698552755238523670e-01
4.539414006586952044e-01
4.495406188362700006e-01
4.380462247581990987e-01
4.402964791596141736e-01
4.433757781338707460e-01
4.389438267991810916e-01
4.487614377536312538e-01
4.550945735013626203e-01
4.597072891823071883e-01
4.615025175745458563e-01
4.575069076212003316e-01
4.566342310919159209e-01
4.543341075902347370e-01
4.550447143745427470e-01
4.514044046966492751e-01
4.500455183090951716e-01
4.436687487348994763e-01
4.440053481756694453e-01
4.426776344170816890e-01
4.439928882248523889e-01
4.455761740318063824e-01
4.475833344125432212e-01
4.448156975238921063e-01
4.474835930953094953e-01
4.491728498832356364e-01
4.491292060833253497e-01
4.534614204641639335e-01
4.468976518932519792e-01
4.466046756821598906e-01
4.433820077976091123e-01
4.489422020998860563e-01
4.491728355464069677e-01
4.466358402077014178e-01
4.530687129092839105e-01
4.578559676361276254e-01
4.613653758346284439e-01
4.592771918015300381e-01
4.582985474079754318e-01
4.505317319074070848e-01
4.469911585600244708e-01
4.440926208153209709e-01
4.446037543152669969e-01
4.354842914409885468e-01
4.268510284515337205e-01
4.219515674699162444e-01
4.168339485761043406e-01
4.197449468949652762e-01
4.282223710498627156e-01
4.273933320870846875e-01
4.296747597408066555e-01
4.305536671805101356e-01
4.343685109175797199e-01
4.363070957533050631e-01
4.404024476472248040e-01
4.432947457547439796e-01
4.491853098340526373e-01
4.516350319097663379e-01
4.603742633868316281e-01
4.647438850470981264e-01
4.739381562468281683e-01
4.742872312219247322e-01
4.856320186225380753e-01
4.831199568989549276e-01
4.808946317492795997e-01
4.745303314760067059e-01
4.756648109640764788e-01
4.804333611161957784e-01
4.911984475752764756e-01
4.958735004107289179e-01
4.910924809576869832e-01
4.856569472509374985e-01
4.823532525973233676e-01
4.840175651733407136e-01
4.959732336245378237e-01
5.049181855032341959e-01
5.080722959196443123e-01
5.034720364494745803e-01
5.002805162602750322e-01
4.962100992281585077e-01
4.988156632551314362e-01
5.049555790691735435e-01
4.962475002741824071e-01
4.920835909121220597e-01
4.821413187388040589e-01
4.773665345595637932e-01
4.785571109416167368e-01
4.804520613275374830e-01
4.785633393586743445e-01
4.857192900155088422e-01
4.996135426790908052e-01
5.029234925533988543e-01
5.071497534067956892e-01
4.906499055492218320e-01
4.869659807450755773e-01
4.842856108860123521e-01
4.808821736684837367e-01
4.942839818233347171e-01
4.841360048318951725e-01
4.819605543925492008e-01
4.814618795967394171e-01
4.839053763720974621e-01
4.800842917511627950e-01
4.924264293667360848e-01
4.906374406116817410e-01
4.819792471238064091e-01
4.837994004044022800e-01
4.850336168463232900e-01
4.879570794793838262e-01
4.867851970752689605e-01
4.817299147126247183e-01
4.802027332797383918e-01
4.838305692933264623e-01
4.786132084589403424e-01
4.878573425255327001e-01
4.900016309326987729e-01
4.955992381244668787e-01
5.005734874846441418e-01
5.015583808654888731e-01
4.880256388175455706e-01
4.843417133900588256e-01
4.924887677679246623e-01
4.873150357732799476e-01
4.951753579406207306e-01
4.857192812887435318e-01
4.874085380766696729e-01
4.975378185968096778e-01
5.022066561053524225e-01
4.930871739075223248e-01
4.996758711068336467e-01
5.028611491654870758e-01
4.998441804889943163e-01
5.007043970674617261e-01
4.905439439183553740e-01
4.860870683186489516e-01
4.811003365674010879e-01
4.782329764383869142e-01
4.811751386594489976e-01
4.728535452356840696e-01
4.725481040870518901e-01
4.744991582236999794e-01
4.755276704708398250e-01
4.807450269418431787e-01
4.788126730165370160e-01
4.805580273217867071e-01
