4.294732110238779765e-01
4.287168820566150118e-01
4.200599332132506358e-01
4.244465872337872536e-01
4.407656354224848694e-01
4.463565917801992078e-01
4.554091592195650962e-01
4.604241333597743346e-01
4.542572250373409504e-01
4.424353704780069063e-01
4.428658850812770553e-01
4.453442835155231871e-01
4.480146719497805630e-01
4.505861529715619596e-01
4.546877390588267565e-01
4.410914457139869516e-01
4.401896735674319383e-01
4.324461302305424582e-01
4.184542107265045718e-01
4.160979846792210446e-01
4.082904444817329614e-01
4.052128011826325871e-01
4.031183792577029412e-01
3.978997771032879993e-01
4.219565496217779765e-01
4.223696252390711781e-01
4.280420273336948966e-01
4.355586805908141512e-01
4.482066706765571173e-01
4.584169738517138715e-01
4.643453587344570921e-01
4.616924244125696353e-01
4.598947171618715801e-01
4.495913203452769347e-01
4.437502089333056898e-01
4.391890178615591722e-01
4.663292451230500735e-01
4.756319798341441807e-01
4.815138161508152881e-01
4.887046794788845738e-01
5.004625418318948693e-01
5.113710025204410980e-01
5.193996190266614299e-01
5.167233993678354009e-01
5.090554821789736728e-01
5.065945233124888869e-01
4.990487831648642847e-01
4.953719153633619476e-01
4.998749291633917124e-01
4.844518253873866254e-01
4.966169373691806666e-01
4.859702866208319705e-01
4.801640776157574120e-01
4.977165051418042663e-01
5.027547692732269313e-01
5.096256541161470199e-01
5.188061966596105856e-01
5.194985130580974664e-01
5.204293674408831949e-01
5.099630727508418504e-01
5.063676361416401539e-01
5.064956298628372489e-01
5.018471688110247575e-01
5.010326782802225765e-01
5.018995305663506157e-01
5.039765053603224576e-01
5.109171985077417544e-01
5.070599601033234372e-01
5.053669658911587037e-01
4.962387728855491842e-01
4.919510239503512850e-01
4.916543121850415754e-01
4.810716594608602792e-01
4.734037411084298097e-01
4.755039820404567408e-01
4.992175145900169531e-01
5.042848545580423947e-01
5.037670810286090095e-01
4.986124623537525613e-01
4.903627555759753065e-01
4.875352836210937735e-01
4.839922192393361633e-01
4.801408097323492385e-01
4.788085218189551684e-01
4.976525175897553721e-01
4.999563737367323513e-01
4.995025918318384273e-01
4.926084443415694181e-01
4.882799710834558327e-01
4.868313245541376344e-01
4.797219290707832040e-01
4.682840411304315387e-01
4.595747282046040993e-01
4.458911706975420275e-01
4.413008886627996508e-01
4.324170398493308309e-01
4.338715013132560250e-01
4.369607698272950924e-01
4.362917218940008390e-01
4.383279665472134545e-01
4.430462428849372691e-01
4.475317996636751783e-01
4.465311253407031056e-01
4.485557360522117731e-01
4.477470558017414559e-01
4.484451952798159668e-01
4.477528701545639422e-01
4.511970329416888914e-01
4.632923249832966439e-01
4.681793199469175826e-01
4.712046014906920433e-01
4.627629099489626863e-01
4.530005685080339406e-01
4.465194943079208723e-01
4.413823419629056555e-01
4.221892726714699950e-01
4.134450451212743904e-01
4.099776121236038962e-01
4.094423705189760843e-01
4.077261060962656392e-01
3.996334962201527619e-01
3.979986792797048367e-01
3.951537543760219595e-01
3.866247893635205712e-01
3.818308874595533475e-01
3.838554993346307009e-01
3.822904976800941546e-01
3.718765653271628446e-01
3.672921017177334657e-01
3.656514698426785448e-01
3.628938085194335916e-01
3.601303287708757517e-01
3.604503078378092362e-01
3.602815897936965661e-01
3.534863572791002162e-01
3.505192582431018167e-01
3.484946417137496089e-01
3.410885286472418176e-01
3.281031030550577987e-01
3.307851300852940879e-01
3.337289536746878560e-01
3.387555728105037245e-01
3.355092108855063371e-01
3.351775938043782266e-01
3.368705920890336936e-01
3.401343982360670593e-01
3.427640617656244615e-01
3.500130942204296991e-01
3.495185751933644891e-01
3.540623092438191510e-01
3.599732452502514835e-01
3.636501270145780507e-01
3.651627692409263326e-01
3.702359287978332913e-01
3.758152442324313447e-01
3.804578938403430088e-01
3.886086809881727500e-01
3.857870262950353069e-01
3.960497069336953446e-01
3.901154983895800954e-01
3.913896090312573017e-01
3.939843718992712129e-01
3.912150719800472909e-01
3.914652392517756208e-01
3.886494099653632905e-01
3.858452047303209675e-01
3.884806831944852545e-01
3.846001780702276163e-01
3.958286213164134981e-01
3.902434921107772459e-01
3.974459818173540215e-01
3.941181881182715951e-01
4.141664670273659254e-01
4.189080095031447737e-01
4.229863195620205962e-01
4.184193083196081075e-01
4.160689041883434691e-01
4.137301206177428359e-01
4.075457535286646782e-01
4.157489082496637067e-01
4.195247009171725883e-01
4.200773925616798632e-01
4.159758163647490625e-01
4.166972272169378599e-01
4.214853229130636203e-01
4.315501858178497629e-01
4.291706808332553247e-01
4.269017131303503576e-01
4.321494062477611586e-01
4.186811106966089602e-01
4.170928405768800640e-01
4.099310769385720588e-01
4.041015907415396180e-01
3.988829903324778159e-01
3.918783055605191690e-01
3.897955129230187277e-01
3.888530298345881930e-01
3.885621359128068608e-01
3.970387356792762223e-01
4.011868586969261075e-01
4.053175351654024761e-01
4.114553536884085760e-01
4.220380081579430120e-01
4.253018276860165425e-01
4.281642096109913864e-01
4.278791236424046573e-01
4.324286737910350009e-01
4.298280924977080364e-01
4.312418284751489139e-01
4.260115842340488346e-01
4.274776837121685436e-01
4.345696361370556815e-01
4.310905680341123314e-01
4.284899826682950219e-01
4.294673891078588657e-01
4.415801393343272707e-01
4.464031322012902425e-01
4.540652303830548520e-01
4.586729601305393755e-01
4.618960471907164189e-01
4.545830225295874327e-01
4.504989027721639783e-01
4.486953724418782374e-01
4.438200154924518137e-01
4.443203511994770483e-01
4.412369005289664137e-01
4.382988796567080514e-01
4.339296785849728888e-01
4.204380976968821182e-01
4.143235412394405404e-01
4.075923009311679945e-01
4.053582478526310262e-01
4.009541368108027748e-01
4.036303483246478918e-01
4.135090437272260222e-01
4.186054752400316659e-01
4.266108384074527859e-01
4.267039262310472481e-01
4.299968186868016740e-01
4.298513644536064993e-01
4.310673001507041580e-01
4.309451213641139478e-01
4.384559556141356951e-01
4.375832785030669414e-01
4.427495317014118470e-01
4.483055687804834988e-01
4.590918501006550634e-01
4.594001911533941995e-01
4.591209381547291524e-01
4.498996654705063603e-01
4.407656470581719499e-01
4.388573914718814084e-01
4.325857578934436121e-01
4.278093037022184242e-01
4.187916561232797319e-01
4.227885152091868104e-01
4.300549965403028807e-01
4.297990137521834897e-01
4.317828966500704690e-01
4.322017825476958119e-01
4.290775982457199489e-01
4.070745128571258697e-01
4.052418927274128446e-01
4.048462752949800181e-01
4.002734502815294970e-01
4.033394596389257014e-01
3.969805572439906172e-01
4.159758122922586621e-01
4.207813516286360578e-01
4.193268907464952067e-01
4.207871747082237990e-01
4.283561873935312070e-01
4.272915214460198396e-01
4.297408318261918825e-01
4.295430193283771847e-01
4.398464237081685102e-01
4.439014612293611939e-01
4.443145327741639394e-01
4.460017033249569218e-01
4.313407393783310062e-01
4.333071646731417870e-01
4.434651241282877576e-01
4.531401903530914987e-01
4.552869769422687174e-01
4.505279844266102396e-01
4.472292677276993866e-01
4.511504936841665980e-01
4.634494143217644524e-01
4.577362931402841895e-01
4.552404371029619701e-01
4.545597546461792593e-01
4.684527632470347758e-01
4.718562017112442053e-01
4.728045136971060769e-01
4.821828745562279361e-01
4.920848372604299525e-01
4.963784075298625642e-01
5.029002182703626866e-01
4.922884652746359890e-01
4.912645236500401413e-01
4.820606905335784176e-01
4.827646542548094666e-01
4.780463912981256502e-01
4.781278358714663446e-01
4.755388925923341725e-01
4.706926231151976059e-01
4.760043130932068989e-01
4.701341165360833907e-01
4.547168346760974145e-01
4.499112994122104192e-01
4.380778068386818602e-01
4.399860542799913232e-01
4.428018893842471937e-01
4.389213877506956130e-01
4.485673688303470907e-01
4.548040982565353385e-01
4.597259892274248583e-01
4.607324831392785591e-01
4.573814075939636736e-01
4.568345297204944866e-01
4.535590890499724970e-01
4.550310022991302938e-01
4.510748675361386240e-01
4.504639881477961461e-01
4.442214443687852454e-01
4.444716069862387209e-01
4.437036516404683217e-01
4.434011307583952677e-01
4.456991777886090689e-01
4.478110608073208598e-01
4.439421902065517345e-01
4.481484881687810007e-01
4.490095354106362069e-01
4.498647496825697312e-01
4.536114385878269872e-01
4.477470558017414559e-01
4.464729416693583031e-01
4.433022192734288325e-01
4.484044657208411944e-01
4.497658393611719263e-01
4.472816219198286203e-01
4.527736679561450428e-01
4.571835904418741214e-01
4.599063447039478114e-01
4.593012930494676516e-01
4.573232250861875570e-01
4.506327143368896726e-01
4.477296075072149661e-01
4.443610714499021674e-01
4.438607316703865324e-01
4.366698857958478674e-01
4.283561873935312070e-01
4.228874086588385039e-01
4.188847387108149412e-01
4.197457766441204940e-01
4.293568489172475688e-01
4.278151238728843397e-01
4.291415956881028948e-01
4.319981545334898865e-01
4.348779888254816206e-01
4.361230026863193165e-01
4.403758503781893818e-01
4.432091413401683111e-01
4.507956046471398026e-01
4.523140565720355499e-01
4.604997635802923761e-01
4.640893759463377566e-01
4.748174817401452641e-01
4.752247342778509465e-01
4.851732408938501662e-01
4.817407114666448775e-01
4.814090943855167670e-01
4.770515394729570868e-01
4.757192480688569591e-01
4.805829617680296151e-01
4.904267518547895666e-01
4.965296685526834897e-01
4.910608991265403289e-01
4.859528290177558829e-01
4.820665153585192431e-01
4.843296512550711030e-01
4.973616213408367792e-01
5.047386643885852786e-01
5.069087264243671287e-01
5.034761894339653265e-01
5.005788864849947117e-01
4.957500746109343437e-01
4.978328643395129594e-01
5.050586335651847669e-01
4.955173620333604423e-01
4.925328141210511546e-01
4.813974662616562483e-01
4.777555002852663102e-01
4.789074292314312586e-01
4.806760495916239662e-01
4.799779048774902579e-01
4.863891719366729149e-01
5.005323478092565948e-01
5.036216343586107369e-01
5.056229824227702618e-01
4.911947077823442531e-01
4.865171743846353758e-01
4.841842138936223727e-01
4.810774877765071067e-01
4.950984761357352104e-01
4.841958466717576348e-01
4.820839764523015547e-01
4.816185466428791195e-01
4.841144015166326531e-01
4.805480558704269822e-01
4.932542243914556090e-01
4.898275151349162360e-01
4.821014230014749602e-01
4.846845432010196131e-01
4.847718120175167900e-01
4.875411020464066048e-01
4.873316596793783595e-01
4.827530232220272333e-01
4.805015212671793767e-01
4.828519259802284136e-01
4.787212535842424455e-01
4.880996144433643047e-01
4.892748176725653653e-01
4.967856635582742486e-01
5.002065497352258250e-01
5.016901108889121330e-01
4.870698503209651142e-01
4.840329522890171043e-01
4.929342464880906438e-01
4.877854514746063908e-01
4.941618068183428192e-01
4.854117654971090712e-01
4.869302278941231577e-01
4.979375861048114249e-01
5.024929721322851650e-01
4.926724452746585325e-01
4.986357250011017039e-01
5.031038323217441599e-01
5.003054565659175168e-01
5.002589167266108250e-01
4.905547502302615159e-01
4.873316684061437254e-01
4.823632259602604333e-01
4.791925029825465088e-01
4.809320364522337576e-01
4.725252542988133131e-01
4.724147082903583650e-01
4.746720304158721926e-01
4.755679789010551772e-01
4.811705610554926071e-01
4.788376092912450255e-01
4.812287423997000935e-01
