4.293513987250684449e-01
4.294059328268062803e-01
4.218900078546123367e-01
4.230135810677574382e-01
4.408434506795863017e-01
4.462540517062238976e-01
4.545335746411929279e-01
4.603586822928241729e-01
4.555153341003694845e-01
4.429051598884775065e-01
4.408434577700831580e-01
4.469740054795010575e-01
4.484684629450549909e-01
4.511355756788751337e-01
4.549971747751871964e-01
4.416125061432064069e-01
4.404671105626009053e-01
4.315276396379313928e-01
4.188356443654994155e-01
4.145377119133505928e-01
4.060400318453628588e-01
4.047419195084011045e-01
4.031274690200704613e-01
3.958624412771599710e-01
4.215300293317053026e-01
4.226917870518120957e-01
4.262315883142189232e-01
4.354983216641354904e-01
4.482230324888046291e-01
4.581715351050364982e-01
4.652620324508955907e-01
4.622949360692882870e-01
4.617440617372916001e-01
4.488284567398012626e-01
4.451686695451145814e-01
4.397198971016632041e-01
4.659329041690515316e-01
4.749269293761036459e-01
4.799884488825708617e-01
4.886988602172566143e-01
4.998745740204056931e-01
5.124411204054845070e-01
5.181135140278737561e-01
5.165481368678990215e-01
5.080068186100643590e-01
5.071832203179411636e-01
4.992854993641852590e-01
4.960675079349858296e-01
4.990237067684337169e-01
4.839318548584292667e-01
4.962911372952661382e-01
4.870680394080823539e-01
4.792739471559105402e-01
4.985382722676767742e-01
5.013090344291485367e-01
5.106248656514482676e-01
5.172571963655535621e-01
5.209551544316310956e-01
5.216151160569025835e-01
5.089667677010826230e-01
5.059232984875922101e-01
5.066487163067883159e-01
5.024107694575711269e-01
5.011890315887609360e-01
5.020017056070060768e-01
5.044833816688499839e-01
5.108702961076985183e-01
5.069159669488075837e-01
5.070468717007372561e-01
4.971147230426641306e-01
4.928604222352882536e-01
4.911477989099501951e-01
4.805775071761063666e-01
4.754668936152157133e-01
4.743924090022657580e-01
5.003163605137048719e-01
5.056396873423399940e-01
5.049524627568710011e-01
4.977419680248527101e-01
4.892497307312934085e-01
4.882025156236151631e-01
4.825573947790345875e-01
4.800375440278398242e-01
4.804356988763660574e-01
4.982001215664585425e-01
5.002018135378937247e-01
4.999400171241824009e-01
4.932913122712736520e-01
4.896915215879752425e-01
4.869480452944600635e-01
4.797157467393575736e-01
4.678309778019364984e-01
4.580788143146456992e-01
4.457849957076531755e-01
4.402489490661994909e-01
4.328584691633988735e-01
4.345656415329658961e-01
4.367582347677191335e-01
4.352365094331619999e-01
4.380399816926426326e-01
4.438760130727292808e-01
4.467122101566353143e-01
4.464176769191963157e-01
4.490029833188928787e-01
4.458722573609305018e-01
4.479939478093707406e-01
4.494175013977659838e-01
4.517246377903704757e-01
4.646020664622416141e-01
4.700890283214600451e-01
4.715507615080115622e-01
4.632930609405030431e-01
4.567807101590264374e-01
4.470394654913854571e-01
4.409034586448540849e-01
4.214754957753903408e-01
4.136650321115291629e-01
4.090016701807023258e-01
4.095034575487723760e-01
4.084235203437828754e-01
4.001494647272698657e-01
3.986168238455999324e-01
3.953715596385918296e-01
3.870811260653155284e-01
3.829468242803673039e-01
3.840922116796303687e-01
3.834813364728627549e-01
3.717111188746353712e-01
3.667477672963702640e-01
3.650078711932235320e-01
3.625698262307295860e-01
3.602190511028554032e-01
3.598263466646773878e-01
3.621062097340503882e-01
3.541266835370165955e-01
3.515359256361262341e-01
3.492724154340662857e-01
3.416746786735204156e-01
3.282627296278114448e-01
3.312571009689186941e-01
3.340442083617840563e-01
3.374803760138014308e-01
3.355877500641504252e-01
3.353641288852126090e-01
3.369513147770770711e-01
3.400111330399208653e-01
3.433982082737833119e-01
3.505159740340683672e-01
3.490215132959774147e-01
3.534612545932891980e-01
3.587845874215755959e-01
3.639933814553932834e-01
3.659514510542438703e-01
3.691312667032469186e-01
3.750600150557645285e-01
3.808469600173474134e-01
3.884774161480902266e-01
3.854175924310181411e-01
3.964460475240788040e-01
3.897755192128639079e-01
3.915208717260100224e-01
3.942316286493281474e-01
3.913081573674197511e-01
3.917990384605650744e-01
3.889192113681546603e-01
3.867047914025583677e-01
3.889791996982004951e-01
3.856466618386128475e-01
3.960969681855997515e-01
3.904300255189815938e-01
3.965114917187011478e-01
3.963096961797607509e-01
4.148431530619828278e-01
4.176411738202696067e-01
4.232699379795771821e-01
4.186447501926782166e-01
4.173521013562125903e-01
4.120833069930467385e-01
4.069836035250407047e-01
4.162285155983424523e-01
4.191247217383619050e-01
4.194737907138071376e-01
4.176466296848461157e-01
4.183229523587730370e-01
4.224299939106377355e-01
4.317021782163252275e-01
4.294822991136154622e-01
4.284841671519038497e-01
4.330166297850294166e-01
4.179193378277105131e-01
4.161194435769069444e-01
4.093671105678369782e-01
4.037547009121110753e-01
3.998440257603290138e-01
3.915317785463575673e-01
3.902718496255118130e-01
3.894755372013452011e-01
3.890555616216270218e-01
3.979568638565970096e-01
3.999749288759901766e-01
4.043492259786796161e-01
4.125632889017641358e-01
4.220372812911171723e-01
4.265043035475801769e-01
4.285387323427430895e-01
4.273824266692529683e-01
4.318330715143754439e-01
4.288768764988873938e-01
4.314403621673920108e-01
4.254461625297552008e-01
4.278569347144405288e-01
4.341565700464811717e-01
4.301149890519238017e-01
4.291932146502561718e-01
4.308731262413168506e-01
4.435651138778292646e-01
4.480866696906071200e-01
4.538790606991556231e-01
4.586242366000256587e-01
4.615095250112409286e-01
4.527009495663129046e-01
4.494884140016899288e-01
4.494011485304528764e-01
4.439469147681966432e-01
4.443396208426431682e-01
4.393162847522920078e-01
4.363382646422293010e-01
4.346201827252005323e-01
4.198337692367141161e-01
4.130759787267990757e-01
4.071745080608956124e-01
4.051182628979234646e-01
4.009512291980532050e-01
4.033238217845822593e-01
4.125741880861920619e-01
4.186065667765621612e-01
4.257679756354996181e-01
4.268860984382964463e-01
4.299131886041779316e-01
4.294495682895389521e-01
4.323730428439843676e-01
4.318876127066100246e-01
4.370036777686945872e-01
4.398180568485227648e-01
4.421742922043560564e-01
4.484793779467449726e-01
4.577242922017380478e-01
4.595514543215447612e-01
4.585042484860545331e-01
4.489811745870031512e-01
4.403089450321648890e-01
4.392508241949847347e-01
4.310694828237885412e-01
4.287023450109902489e-01
4.180993328161037303e-01
4.241917041999023752e-01
4.291277786369762648e-01
4.294986656164993533e-01
4.324657674523349482e-01
4.319476141268038805e-01
4.294223069656097902e-01
4.049000959472936478e-01
4.054673329642143886e-01
4.054236947743675157e-01
4.009675913375544409e-01
4.024947801726077579e-01
3.970296461350779627e-01
4.161358024438712722e-01
4.204937330436768761e-01
4.196646881591653000e-01
4.210882461109431985e-01
4.282769201117695435e-01
4.269624499986891530e-01
4.297059246559358781e-01
4.303604271440937268e-01
4.398562402646387648e-01
4.441978098157887689e-01
4.440450925140095872e-01
4.451686619091948516e-01
4.312112933052200670e-01
4.338565896712309744e-01
4.435269386430557015e-01
4.531263744655335546e-01
4.544081181179201456e-01
4.504319884084819758e-01
4.480266753609102315e-01
4.512937575719960792e-01
4.630530721678356443e-01
4.564534575513903847e-01
4.541135925164008214e-01
4.548990068469851433e-01
4.676509909948857735e-01
4.729579535023283876e-01
4.709835261273592755e-01
4.816247266471673227e-01
4.931113254642228716e-01
4.960075185140943033e-01
5.021326267216205119e-01
4.930676905469130178e-01
4.907605546997313439e-01
4.818101595011836658e-01
4.838445932051519960e-01
4.787121703669489081e-01
4.780631111986424209e-01
4.757232467090756756e-01
4.709453372570149288e-01
4.769177156180369748e-01
4.689218245543878005e-01
4.583897096915859337e-01
4.501320129420373073e-01
4.379254505340937076e-01
4.400198720226851101e-01
4.439032809417324810e-01
4.400089613843777281e-01
4.484793730379395549e-01
4.548335501076375964e-01
4.595132752688113609e-01
4.616022501650143828e-01
4.575443064855329589e-01
4.564970962866601312e-01
4.525427845812997063e-01
4.542826801390236202e-01
4.513155788486107878e-01
4.510537704355971900e-01
4.447977738388262381e-01
4.449450358214516177e-01
4.436741995348354450e-01
4.425888141011890542e-01
4.463249599467652984e-01
4.477703342663525432e-01
4.439850949117757350e-01
4.488502649262680610e-01
4.492757023702138586e-01
4.499411100424507981e-01
4.538899669740803500e-01
4.482448455840769563e-01
4.467394731168329303e-01
4.443559780733389863e-01
4.478303187784385408e-01
4.503992559481370117e-01
4.472903474488296172e-01
4.523791479144478878e-01
4.564970837419349836e-01
4.608113837878133334e-01
4.590714876846666015e-01
4.574679429258379781e-01
4.509883300589346278e-01
4.471594596050076920e-01
4.440014570512769154e-01
4.443723402128402222e-01
4.373691176104064215e-01
4.277533147396217483e-01
4.226154240375398219e-01
4.181865977419180758e-01
4.201337528845013325e-01
4.298040942204064407e-01
4.284678137391679242e-01
4.294386696505338441e-01
4.320566970566959153e-01
4.336493339043313577e-01
4.363546267817305369e-01
4.397635200196707839e-01
4.429760643110589591e-01
4.501047352554231606e-01
4.533009081351219716e-01
4.605223069603737174e-01
4.638112093572286931e-01
4.756905229754960773e-01
4.762414022162981264e-01
4.861571849169101234e-01
4.825683005085364963e-01
4.819737874412701739e-01
4.770595386441935926e-01
4.762250378951055629e-01
4.797866451622879169e-01
4.915568703964349195e-01
4.962093227798000106e-01
4.917586784801004640e-01
4.857372060646550360e-01
4.824810366735678979e-01
4.857099343776920541e-01
4.968965571828800054e-01
5.046415804700786767e-01
5.060760452422041755e-01
5.050397331369136378e-01
5.015326501538581727e-01
4.960184247890190856e-01
4.970983603577400767e-01
5.045924771434671108e-01
4.951784752658512923e-01
4.924131853316409124e-01
4.808447719991193470e-01
4.780685725174472767e-01
4.788812498082292701e-01
4.809483985190120547e-01
4.811611079687968529e-01
4.865226203952393580e-01
5.003436327460906163e-01
5.038179898138752666e-01
5.054924417223995992e-01
4.923804610526384407e-01
4.863153657191854329e-01
4.850608877541107145e-01
4.826664820723093330e-01
4.950912048858087111e-01
4.839482240884273589e-01
4.797539301554735180e-01
4.802502622043899327e-01
4.830973699266033483e-01
4.817501662623323577e-01
4.929586070715981094e-01
4.892115511331373012e-01
4.817992597713329217e-01
4.836318777557160331e-01
4.847881757932864799e-01
4.870844010021607717e-01
4.872643916271713338e-01
4.823719559253671352e-01
4.801357234099213889e-01
4.823392278284047707e-01
4.794648473283827927e-01
4.879734385801007823e-01
4.886006764717925055e-01
4.967220295129428087e-01
5.010308666037477376e-01
5.024217051853286931e-01
4.868389547286483543e-01
4.841118569373193403e-01
4.943003515987555718e-01
4.877225457142000398e-01
4.948839453009492573e-01
4.848645268082564241e-01
4.866698796507505920e-01
4.970819987636616588e-01
5.039379762915777716e-01
4.927622597613145472e-01
4.980528503116449790e-01
5.022907911612108922e-01
5.005072612315999425e-01
5.009217831284329403e-01
4.901169595773439136e-01
4.880007200846747661e-01
4.817501717165606490e-01
4.794430353239561571e-01
4.805393313959099300e-01
4.732306687356895858e-01
4.749814662049556269e-01
4.740869738532846878e-01
4.751887301531976249e-01
4.817610730826799026e-01
4.795630201653903191e-01
4.822192298968226432e-01
