4.302449306513017047e-01
4.288486410176987063e-01
4.217029618002809399e-01
4.233969819720408423e-01
4.398186962765825991e-01
4.470259849169503363e-01
4.548492764124529852e-01
4.612198089161598791e-01
4.552342817902861882e-01
4.442898904081110101e-01
4.414973239743833489e-01
4.475906533452588265e-01
4.491255363318514271e-01
4.525033047592822988e-01
4.540330610279350032e-01
4.433658784253218244e-01
4.413381821691638729e-01
4.300703984254796164e-01
4.180736577101013540e-01
4.145572836095415825e-01
4.062103964632510777e-01
4.041775668157444046e-01
4.017494752744897868e-01
3.970318911917005700e-01
4.215284270077632178e-01
4.223292427315742392e-01
4.272008377949296776e-01
4.352089241922387775e-01
4.487662081775444789e-01
4.580268384705701856e-01
4.643922452830154812e-01
4.631448316986127023e-01
4.619538890124199604e-01
4.485403461449481988e-01
4.446184346411778399e-01
4.404398551099881209e-01
4.655780571445551907e-01
4.745460959375032983e-01
4.812195016108202772e-01
4.875695154359671046e-01
5.001668552390600153e-01
5.116399920902241494e-01
5.183852595956929266e-01
5.174715087488707121e-01
5.069634571713551585e-01
5.063063758919694735e-01
5.002695097192171314e-01
4.961576622222044763e-01
4.976925523955448849e-01
4.839761312250718817e-01
4.963681369142329824e-01
4.864093607777274508e-01
4.808293633549774460e-01
4.986781589144493321e-01
5.004337900491766522e-01
5.086112901677939391e-01
5.178205834672975350e-01
5.220145559857853890e-01
5.212856195476569532e-01
5.102385670119158334e-01
5.065168500706589416e-01
5.065117197593451692e-01
5.018916552253469554e-01
5.013269903904125080e-01
5.018146605151856399e-01
5.043864911209176016e-01
5.105722379629226149e-01
5.064398476604106136e-01
5.056647086467868091e-01
4.972408119034999463e-01
4.928260953435903979e-01
4.917224192836478491e-01
4.811373699159361417e-01
4.749054287118622542e-01
4.768407187903516697e-01
5.005826542915768895e-01
5.055158428643692359e-01
5.049460446380862333e-01
4.977592931564873147e-01
4.892994626737592334e-01
4.873282342357765917e-01
4.830777913324176831e-01
4.798078236099709848e-01
4.802390248898905645e-01
4.985908999882862069e-01
5.000436425532294171e-01
5.001514473649267822e-01
4.940221775812015381e-01
4.897871327985323653e-01
4.872050374634592229e-01
4.812862428851015784e-01
4.681088236995322727e-01
4.587301146253639494e-01
4.469335915727602471e-01
4.395928362973429149e-01
4.352397199202789335e-01
4.354399221828794686e-01
4.376524082074524924e-01
4.356401244454800037e-01
4.401164375948612983e-01
4.440691556067937751e-01
4.458863766575841270e-01
4.480013272198530294e-01
4.495002795470393608e-01
4.474879911650145869e-01
4.477959900258863257e-01
4.491409395859323750e-01
4.513790946206056587e-01
4.653162485390394121e-01
4.685348921014422241e-01
4.717535305304538240e-01
4.649004546199138610e-01
4.560812872561138542e-01
4.468565896758510125e-01
4.406041184997561699e-01
4.230273839550017789e-01
4.143981459110351873e-01
4.085255492881204598e-01
4.094238886674355093e-01
4.093058206664146881e-01
3.995421190478914419e-01
3.976992295003401456e-01
3.954559400476398423e-01
3.871244402419171671e-01
3.824017222544401351e-01
3.827610581088340402e-01
3.823247203575309561e-01
3.731102885332872043e-01
3.669604831308105330e-01
3.644553896926466807e-01
3.621453594790041697e-01
3.617654859525022415e-01
3.602357343039018223e-01
3.635416352524504791e-01
3.546095414924045341e-01
3.506054988070891887e-01
3.479104642422917171e-01
3.425255372308108059e-01
3.275873694326786878e-01
3.300667954007596716e-01
3.348254481543562200e-01
3.378695512775108933e-01
3.355543830524673754e-01
3.344917751499928982e-01
3.375102113164039075e-01
3.404413772631908475e-01
3.429208022045935889e-01
3.506054859736107976e-01
3.487523322100576362e-01
3.542142600917693729e-01
3.573302332605020615e-01
3.630539692343905389e-01
3.658157358333650189e-01
3.700302532107088149e-01
3.745476396509496708e-01
3.816471250196375453e-01
3.889724688275477127e-01
3.849530213481339724e-01
3.966006919651375862e-01
3.892496668269879723e-01
3.916058929427168600e-01
3.952300744216696304e-01
3.915340259771737386e-01
3.921141012529369974e-01
3.892137387342772814e-01
3.868010422336775611e-01
3.896090042213991578e-01
3.849427458386712186e-01
3.951684670520760889e-01
3.907588818301586109e-01
3.962208148452617817e-01
3.973193677806384216e-01
4.149217590153537749e-01
4.174114563861845428e-01
4.240540627380872674e-01
4.189617349267710789e-01
4.177913268326515217e-01
4.119957202998459911e-01
4.074783333462660417e-01
4.167338343546561075e-01
4.194596754276155859e-01
4.209483584054087291e-01
4.171701864794549741e-01
4.189822725988790464e-01
4.231351923600730758e-01
4.312972815245222358e-01
4.304707973039502145e-01
4.285457688747668636e-01
4.305529233521038224e-01
4.177399903524685043e-01
4.152862287744354397e-01
4.088232906063991035e-01
4.040954299874690570e-01
4.009640674248120540e-01
3.910976846324967227e-01
3.901172053448714316e-01
3.890648667917901427e-01
3.881613868343784524e-01
3.975811650926932006e-01
3.996858529789777403e-01
4.039055083677224878e-01
4.132380066529696139e-01
4.217337677951038533e-01
4.269287685667860210e-01
4.288537939159345336e-01
4.288435178931325753e-01
4.314307404594848738e-01
4.294287168068011140e-01
4.315847396332511687e-01
4.259842081317670726e-01
4.270776230557426500e-01
4.348547119757500412e-01
4.310046684642009351e-01
4.294492431854481373e-01
4.312048702134623768e-01
4.433556065092330023e-01
4.473391192225273372e-01
4.549930067501652964e-01
4.579652362343680783e-01
4.604600654565301210e-01
4.516717061409095124e-01
4.501060243462418065e-01
4.520618490168045178e-01
4.435044815317549793e-01
4.435660847946354401e-01
4.397930462600304624e-01
4.357376588811059381e-01
4.340231046306120000e-01
4.212820273030588591e-01
4.131815347280813344e-01
4.072319362082573724e-01
4.046806412212766157e-01
4.008203288736735814e-01
4.019342778763832502e-01
4.116723140781801682e-01
4.184945947740190131e-01
4.262614225580595440e-01
4.262870951615336246e-01
4.295057258904582120e-01
4.300549874713115450e-01
4.326165564277376085e-01
4.316668759481873674e-01
4.368516006970677434e-01
4.401061682454681656e-01
4.440075533705916122e-01
4.490998755351773286e-01
4.579139069409329243e-01
4.593255859684603482e-01
4.584221126844574279e-01
4.486122131104912647e-01
4.402037103811811125e-01
4.373495427379295863e-01
4.317387470204435695e-01
4.281043044055238278e-01
4.172882575605105782e-01
4.255170823525107893e-01
4.294492585856221623e-01
4.294492580722830688e-01
4.323598899403358620e-01
4.316514803941934875e-01
4.298393932480909507e-01
4.041570358170450961e-01
4.048141099096828066e-01
4.064567905212248533e-01
4.011693958920133918e-01
4.022782135567309347e-01
3.973244950119174668e-01
4.153529623486298950e-01
4.206762896906042215e-01
4.191619371893717250e-01
4.214000999241319101e-01
4.278425081201472358e-01
4.273599652266533155e-01
4.296956582903264654e-01
4.302911265533880258e-01
4.402601751193215285e-01
4.433966777467359122e-01
4.451830999894511587e-01
4.448340293777374166e-01
4.317284812644243686e-01
4.334019647907545458e-01
4.438278857000642619e-01
4.527753780941389805e-01
4.544591304565231971e-01
4.502702882493491154e-01
4.509016964119214599e-01
4.524365799118532094e-01
4.615329457884325692e-01
4.567178272700175290e-01
4.544539991185310157e-01
4.543102723741926363e-01
4.686272967390934241e-01
4.732986828664395573e-01
4.697874452372634013e-01
4.820305866840243203e-01
4.937449775284048492e-01
4.946381855697276619e-01
5.014810049643527723e-01
4.934061757527450909e-01
4.903261409435057949e-01
4.813683663665594969e-01
4.839145366889567867e-01
4.794587565916311744e-01
4.780162700292635014e-01
4.748694985657950784e-01
4.734475430021266584e-01
4.777031249435647053e-01
4.687248296347019116e-01
4.595001274343868403e-01
4.528831906059234136e-01
4.377396856138244807e-01
4.432324123036113228e-01
4.448596973611594341e-01
4.407889169949366082e-01
4.484890004246608330e-01
4.543975313003557059e-01
4.592896527423583342e-01
4.601674662563655094e-01
4.585504505482105309e-01
4.566818971239503533e-01
4.518359818508168591e-01
4.536583291062079581e-01
4.508092994743573279e-01
4.503729550496455292e-01
4.451317665893031461e-01
4.445670899475686055e-01
4.438381494027268670e-01
4.432170136695825491e-01
4.468052537090071441e-01
4.492744164877647273e-01
4.447108284987071336e-01
4.491820113367744338e-01
4.495824230487234230e-01
4.495464810958561541e-01
4.531757856993749445e-01
4.475957913566596669e-01
4.466871749278644721e-01
4.450598950037077395e-01
4.476727891468558207e-01
4.509735561907166068e-01
4.477857206764931375e-01
4.527137799646498983e-01
4.567280878926453513e-01
4.605422012581272817e-01
4.589046519845774164e-01
4.563533554575793239e-01
4.508093035810704641e-01
4.465793865430194298e-01
4.434582799829381305e-01
4.445106221293934623e-01
4.362715356880871864e-01
4.267080291454166119e-01
4.217542977671248083e-01
4.189206713893552370e-01
4.186177992464235054e-01
4.298445209927092003e-01
4.283763741470066888e-01
4.278373701087462844e-01
4.312613416250115073e-01
4.333147012445391355e-01
4.360867294928196802e-01
4.391462307366640339e-01
4.424726703839989561e-01
4.503626892936263282e-01
4.526213773803553497e-01
4.605319329354123914e-01
4.636787033722025719e-01
4.744690950672723062e-01
4.763889875384111350e-01
4.868251685570095244e-01
4.822564482032814515e-01
4.820819108440680401e-01
4.761425847536719380e-01
4.765943216523430004e-01
4.787092732412901452e-01
4.921844291250859760e-01
4.960858024434092184e-01
4.916762244082397704e-01
4.848180099729596515e-01
4.825593218862305744e-01
4.874206399001059786e-01
4.964964758046643278e-01
5.042992486216069103e-01
5.063577354724136947e-01
5.053618529307073448e-01
5.019070656661758223e-01
4.952747245569529833e-01
4.958804616560685274e-01
5.049255064526390058e-01
4.963322077948440492e-01
4.934626435709201786e-01
4.806805027059511959e-01
4.774721377330458094e-01
4.791096854665783389e-01
4.800644921507294383e-01
4.829956575841772293e-01
4.845202758414289268e-01
5.018300683893186509e-01
5.037499706139012545e-01
5.043608493177917929e-01
4.947254609227431099e-01
4.862553693040482239e-01
4.850028166815661956e-01
4.822821182400598983e-01
4.949307857965705715e-01
4.833447292225692138e-01
4.786784826466413678e-01
4.795254927325212635e-01
4.827954604549680173e-01
4.815275040650658922e-01
4.913682178472810191e-01
4.891762582013549632e-01
4.818406481240864458e-01
4.848796116958227209e-01
4.847307469400834457e-01
4.865017613086655701e-01
4.869021653205275468e-01
4.824309891558687946e-01
4.802287642672627976e-01
4.829853928548362152e-01
4.783037384047751917e-01
4.881701134970035105e-01
4.890992568177848221e-01
4.970560205950674826e-01
5.012551306116171945e-01
5.026257573951896651e-01
4.867481589600133329e-01
4.837400065164911833e-01
4.936217812694265739e-01
4.878364435726749715e-01
4.938425088839958899e-01
4.860397519805665922e-01
4.864658291092417985e-01
4.974410177594745797e-01
5.043454352835887722e-01
4.931187114839464813e-01
4.975847516905607670e-01
5.027592137634566694e-01
5.010754670478029249e-01
5.017376740184503747e-01
4.905571461208944051e-01
4.886475271058617897e-01
4.819433164644001955e-01
4.790737522404762694e-01
4.803108969888250646e-01
4.732781523810794533e-01
4.752134301394297378e-01
4.756754369008330263e-01
4.760963785848029151e-01
4.811014315564428045e-01
4.790326758695820364e-01
4.837451286143789053e-01
