4.313058304748425553e-01
4.271945500179420430e-01
4.228554069317611575e-01
4.231269082357086431e-01
4.398144183934210028e-01
4.466213021093238256e-01
4.548293140509209187e-01
4.604532212199202168e-01
4.556147214728161199e-01
4.472127872314437536e-01
4.418506723551833826e-01
4.482745339790007999e-01
4.488757101739783151e-01
4.529191094870483880e-01
4.538063354733573029e-01
4.442699246528369339e-01
4.396253413876645144e-01
4.292259557767639233e-01
4.174545122498205529e-01
4.146037684360043829e-01
4.080102211637315346e-01
4.046988907982663197e-01
4.013003039307394548e-01
3.973102348500144321e-01
4.201791993934424485e-01
4.217063915616353076e-01
4.275775725948478545e-01
4.352183346111838658e-01
4.485411938674916943e-01
4.566182941484699942e-01
4.642493650919482517e-01
4.626591559819351884e-01
4.628918750561009099e-01
4.488902732059709133e-01
4.438529898660030781e-01
4.402168381454714119e-01
4.632942681430352039e-01
4.757444566879022174e-01
4.795260540118275738e-01
4.885291731749428212e-01
5.005187741985201999e-01
5.116696521124661778e-01
5.166002657761580297e-01
5.170705346738995178e-01
5.070153603209054394e-01
5.046445818107114789e-01
5.000872734707719758e-01
4.968098873133741100e-01
4.962087179058806141e-01
4.854699449989993143e-01
4.949578810624193914e-01
4.857366005241077200e-01
4.810435405625538841e-01
4.972850126560010575e-01
4.995345899712455018e-01
5.091000992209941955e-01
5.167602540490920937e-01
5.194800852326486584e-01
5.208763739821677952e-01
5.101085196147683298e-01
5.057257397932014564e-01
5.070202090086662894e-01
5.020507893589981618e-01
5.003393853566995286e-01
5.023853197252732272e-01
5.043391489040243147e-01
5.111266412626261912e-01
5.073304891486531965e-01
5.053669732604270104e-01
4.977940754192110573e-01
4.946766799588489527e-01
4.923786366132694714e-01
4.817077458198590345e-01
4.760886761877537454e-01
4.764232026754664506e-01
5.007466363429802225e-01
5.058857333991587657e-01
5.055996996068972127e-01
4.980801286042845222e-01
4.887667312404632702e-01
4.879764678585030713e-01
4.823137711874176947e-01
4.796957445084860105e-01
4.800739019137411079e-01
4.980316470597000444e-01
4.995588241984637579e-01
4.992921754608393714e-01
4.946233540898863912e-01
4.890430744446875311e-01
4.864347427171759053e-01
4.810144561931139484e-01
4.689084924811217636e-01
4.590957263358700358e-01
4.479691093142584846e-01
4.398871521035745413e-01
4.341274860406565406e-01
4.350971266287503303e-01
4.366388478915151361e-01
4.353589266786139778e-01
4.382629987854940734e-01
4.437996533309940261e-01
4.464079850585056519e-01
4.472515675219443376e-01
4.492102449036360357e-01
4.474939805778895829e-01
4.468734076925877097e-01
4.489920733472133607e-01
4.511058864355159126e-01
4.647826620823766741e-01
4.696599615127929894e-01
4.721422428727741760e-01
4.640312017774705922e-01
4.553383729355687803e-01
4.482115194612819042e-01
4.411331436530171457e-01
4.227778434418383857e-01
4.138765384797542524e-01
4.089071304657733164e-01
4.090089388489607791e-01
4.089701537102573559e-01
3.996179799344981021e-01
3.970678208244286522e-01
3.956812381771965259e-01
3.860333099622801911e-01
3.818056765133706620e-01
3.839582800733999379e-01
3.818784000422980607e-01
3.730304335545040484e-01
3.663302166059553278e-01
3.647206137145398430e-01
3.610893068032066666e-01
3.620589439975583357e-01
3.597172614924914469e-01
3.634309825207894251e-01
3.546654383919052300e-01
3.513347253959043792e-01
3.480912727805274276e-01
3.432479185278189959e-01
3.276900372311344345e-01
3.304438135923992159e-01
3.360483357067614030e-01
3.369307105812080483e-01
3.365186065437839602e-01
3.342544967402253930e-01
3.363198355562479480e-01
3.414152944225796182e-01
3.430636800285971066e-01
3.507965627490048921e-01
3.495602700295446508e-01
3.557853645443882495e-01
3.557805197351898707e-01
3.634261415901532954e-01
3.660344767114069864e-01
3.689434018694305872e-01
3.739709897731580690e-01
3.811414862854947128e-01
3.877156446245678678e-01
3.847291491891374760e-01
3.965393759155031450e-01
3.911336204252944260e-01
3.915311740360534198e-01
3.944401040422799709e-01
3.909930235096613083e-01
3.919820607880794006e-01
3.882489464631992404e-01
3.873132389323060698e-01
3.880453151522154642e-01
3.856357544122399061e-01
3.951673257565850861e-01
3.901251937288564564e-01
3.964811926320145341e-01
3.958751745367603547e-01
4.146474090499526755e-01
4.184193138465595041e-01
4.233353882344531582e-01
4.197961976638092119e-01
4.172411971382834484e-01
4.124899534084206509e-01
4.073169174771979484e-01
4.163927509576548780e-01
4.184726377762408855e-01
4.211439971116190950e-01
4.169696982584374378e-01
4.187102011747846353e-01
4.224287796176087739e-01
4.304961854319871439e-01
4.300501439739798371e-01
4.296041039704333597e-01
4.312137039529271854e-01
4.187538345164286135e-01
4.150255679096686579e-01
4.104779545211491576e-01
4.044467818212604815e-01
4.010045635513708739e-01
3.913954214447985525e-01
3.897227894910554324e-01
3.889373874021835320e-01
3.887046697824786956e-01
3.971744866221421644e-01
3.993513273183114665e-01
4.043789215247026170e-01
4.123251188718273230e-01
4.215318562557783810e-01
4.263703676385696140e-01
4.291386978202413882e-01
4.287459841704777119e-01
4.315579331491845583e-01
4.303070958209029850e-01
4.323869753671845673e-01
4.248189305771121194e-01
4.281302541550931484e-01
4.339965792282405865e-01
4.319263980271210723e-01
4.297350039953652390e-01
4.321494148775624211e-01
4.427815239260113889e-01
4.487642044152692078e-01
4.550086912570544539e-01
4.553286702270240571e-01
4.612483260173368960e-01
4.519300872380594969e-01
4.506501621465958674e-01
4.524827857670150610e-01
4.428009230404370555e-01
4.425051831458887697e-01
4.400810850693962495e-01
4.362219087412986251e-01
4.343553481851165077e-01
4.211294510483367670e-01
4.147540617575182775e-01
4.089750087006819301e-01
4.044273928880609548e-01
4.003985343052498536e-01
4.035013885505327469e-01
4.124075310495108893e-01
4.183417333879263511e-01
4.257400964081057282e-01
4.273012255120614555e-01
4.294198843792029208e-01
4.301761924022290962e-01
4.325033346618572527e-01
4.315288449011823180e-01
4.366388517700776073e-01
4.394992876263919546e-01
4.441826579695490329e-01
4.490502532369597954e-01
4.580291226586072906e-01
4.601962664640752987e-01
4.572437132974310758e-01
4.479836578016421766e-01
4.419379395232915231e-01
4.362606948496427495e-01
4.308016183386743636e-01
4.284066041468013730e-01
4.168194063913843173e-01
4.257934305190131941e-01
4.278975491407159826e-01
4.293762486134575784e-01
4.323966804998307656e-01
4.316500538532564990e-01
4.290271775169234858e-01
4.043692159072361791e-01
4.046455639596632237e-01
4.069533027414830029e-01
4.001609694522450522e-01
4.008979016322197220e-01
3.972956912108336902e-01
4.146134687204476865e-01
4.218663827434910862e-01
4.193210728060026704e-01
4.209403740425802232e-01
4.285762980372018749e-01
4.277375545651180833e-01
4.296380515722428850e-01
4.305301160650862879e-01
4.416131079869989318e-01
4.434699706828391652e-01
4.454189506890092742e-01
4.458649843898918608e-01
4.326439364256932096e-01
4.323918284183279614e-01
4.438723734661793596e-01
4.523518745912163963e-01
4.536414951189203792e-01
4.503107850318412986e-01
4.509313574323228768e-01
4.523567271575396065e-01
4.610059192640554859e-01
4.576703580651141912e-01
4.553577623535886021e-01
4.526524714154706031e-01
4.679873324679718061e-01
4.720016449875005238e-01
4.703096270094797027e-01
4.803890409227152269e-01
4.934549425142564782e-01
4.944585161595509981e-01
5.011199566961614948e-01
4.939106750451215389e-01
4.910599292920241887e-01
4.818531889991513051e-01
4.843257797710951440e-01
4.791721410150168170e-01
4.775770812779617791e-01
4.736257910332765109e-01
4.742027213653489115e-01
4.783043039619074843e-01
4.679679406258505092e-01
4.587951401776623750e-01
4.535736314286206716e-01
4.399356370419009732e-01
4.427863789164360186e-01
4.444347654920940971e-01
4.407307379607552922e-01
4.490938846393227046e-01
4.546741637997012142e-01
4.601623295283123749e-01
4.601526350617126671e-01
4.592654163477082885e-01
4.563516497742282074e-01
4.517313162505234847e-01
4.530112374634246986e-01
4.510331735726349489e-01
4.518670581757319171e-01
4.459813436845647128e-01
4.446383851673908483e-01
4.444493096160951895e-01
4.430239403756986993e-01
4.468249305113859982e-01
4.492587293571421725e-01
4.452541132434942317e-01
4.490696460487217934e-01
4.501265615620484439e-01
4.494284116118555938e-01
4.534039375382200587e-01
4.475860935248367478e-01
4.461607165273154818e-01
4.451135109948380353e-01
4.476200304605996716e-01
4.503204761046989968e-01
4.474745795241826252e-01
4.528366948852633467e-01
4.570109942232653544e-01
4.599829484436164795e-01
4.576994448586554354e-01
4.562837705696790591e-01
4.504126040810752518e-01
4.463643555954239783e-01
4.436978371906818430e-01
4.453316781878779995e-01
4.368909631711848651e-01
4.278781558441337451e-01
4.224384639029822308e-01
4.182447751469606234e-01
4.187877714521916483e-01
4.303313387748864405e-01
4.294441200608820619e-01
4.284163029767837916e-01
4.313155268807234988e-01
4.333760160393446692e-01
4.362752394584640814e-01
4.390581069766528177e-01
4.441875071421301224e-01
4.493459936163284874e-01
4.528269989642027538e-01
4.602641417900621978e-01
4.632312424744496893e-01
4.737566954215909898e-01
4.777807062862818865e-01
4.862408184781195075e-01
4.820616651193334601e-01
4.825998122519835620e-01
4.763262468586019760e-01
4.773734567544621332e-01
4.781782535943770451e-01
4.921216862208072085e-01
4.964462788803231108e-01
4.924562131933402087e-01
4.853051109472263369e-01
4.837924745387216507e-01
4.890527737594901891e-01
4.968874677720072630e-01
5.058518158562075318e-01
5.063657166411319466e-01
5.046009678618793570e-01
5.020362559010435044e-01
4.951808969432200391e-01
4.957772244504367598e-01
5.033404273402326545e-01
4.969117141197327836e-01
4.944294288811893479e-01
4.820180342017910680e-01
4.772328646870320767e-01
4.790024543969207405e-01
4.794581825644031459e-01
4.826240581148890096e-01
4.853681395247336217e-01
5.009745023660024943e-01
5.038107141763250585e-01
5.042664501009320732e-01
4.953796795664431318e-01
4.872831859888827610e-01
4.852420896420233665e-01
4.824349801394917092e-01
4.921459219024863496e-01
4.812035351381516723e-01
4.787309564867153755e-01
4.805005510448068784e-01
4.816107861244323662e-01
4.810386904203323155e-01
4.921168365634059350e-01
4.897654561979971621e-01
4.821537853385851613e-01
4.848202935621011567e-01
4.854166244630600535e-01
4.879376885376431883e-01
4.870407680847346210e-01
4.822119652283316515e-01
4.811647519387294292e-01
4.827064770800565396e-01
4.782461313444654749e-01
4.886891575693144696e-01
4.890721631775100109e-01
4.970814031619304463e-01
5.017114345459769975e-01
5.027974387921262389e-01
4.874189245203491838e-01
4.849075655784121919e-01
4.926646868894209441e-01
4.876613385459349082e-01
4.939058215091577941e-01
4.868032003228081050e-01
4.867353337235865163e-01
4.977165099900072720e-01
5.042276538113618090e-01
4.928052896228974356e-01
4.980946722434652640e-01
5.025404762791567670e-01
5.018374926706321570e-01
5.011199562113413108e-01
4.901533177662578122e-01
4.887279519196034983e-01
4.818241089930941357e-01
4.792206225596012392e-01
4.796908982448268022e-01
4.734561087785629785e-01
4.747117831589184878e-01
4.753129637172786581e-01
4.754099297153691617e-01
4.808350668664730376e-01
4.789345722834497110e-01
4.841754782076360120e-01
