4.318187197460156557e-01
4.275747509407366032e-01
4.232618889165047915e-01
4.222652045931056253e-01
4.386944834631389400e-01
4.464980575754530778e-01
4.542970317638511668e-01
4.599602367052227359e-01
4.564098275715925412e-01
4.474625975478512818e-01
4.422862459816713776e-01
4.494559657353464077e-01
4.488129404649912613e-01
4.531809133899574182e-01
4.536310362693349862e-01
4.451936339786773944e-01
4.391813501581302015e-01
4.295176132037510364e-01
4.167994964549867620e-01
4.138369851560533275e-01
4.080957032235170145e-01
4.045315012076896588e-01
4.008478899437535325e-01
3.972836975732983444e-01
4.192062414097281753e-01
4.216635244401908400e-01
4.274369750668102208e-01
4.366368160096628648e-01
4.483398652742865975e-01
4.562169127794220014e-01
4.649069333380458913e-01
4.625139638119709073e-01
4.628262974976224409e-01
4.500668549221622516e-01
4.432140476500969761e-01
4.404122980655676978e-01
4.622613441660942679e-01
4.769544670695704536e-01
4.799904604880901871e-01
4.888688028045199974e-01
5.004294670852327265e-01
5.112414773284856828e-01
5.169046822698571964e-01
5.183376998055608809e-01
5.079666282101698016e-01
5.057206275163018683e-01
5.006545106120874333e-01
4.969249690045046131e-01
4.969433517059422267e-01
4.861083758315625780e-01
4.954092731758097945e-01
4.850427982892107082e-01
4.812719179944358605e-01
4.965529341395744645e-01
4.998094046901835896e-01
5.091929771122979398e-01
5.146357187006832534e-01
5.187602548333781760e-01
5.211899741460116475e-01
5.103090817070884411e-01
5.067448824470818236e-01
5.064922641791156366e-01
5.025789860399331177e-01
5.002824826367087141e-01
5.021426555834493932e-01
5.043610921001845382e-01
5.117191432570374898e-01
5.073190076089327816e-01
5.054634249407361501e-01
4.966677599986907277e-01
4.952071741521237302e-01
4.926856028789624586e-01
4.818644198867798045e-01
4.760909720159808844e-01
4.758705072850843987e-01
5.005764400511708567e-01
5.054450583149188159e-01
5.062212866341867512e-01
4.967963750655768895e-01
4.893051369354312063e-01
4.871647778691641784e-01
4.827233186908805873e-01
4.794117409139642128e-01
4.794990081075891641e-01
4.980043449406948430e-01
5.000298675838664719e-01
5.002135898770594391e-01
4.956848579935096977e-01
4.898057721695375233e-01
4.862829194048813863e-01
4.823558741044944309e-01
4.691784608088163111e-01
4.594550033844141401e-01
4.480367300585572643e-01
4.402331623764911828e-01
4.338718079442302478e-01
4.360351271299826581e-01
4.369261698257810300e-01
4.358468076686940473e-01
4.380652437261258192e-01
4.435860765440824416e-01
4.461995108010540778e-01
4.463051482949239035e-01
4.491574253911953529e-01
4.473477684736109627e-01
4.473707318082204010e-01
4.492814354818272515e-01
4.509119571696384998e-01
4.647599521046460458e-01
4.701521813383024995e-01
4.703129407561895126e-01
4.633177517153370673e-01
4.562995915317167306e-01
4.495478356087080907e-01
4.427271800364988574e-01
4.233721300087184281e-01
4.132490781352877729e-01
4.089959306101343950e-01
4.093449952509034540e-01
4.093266240320517224e-01
3.995756203433509235e-01
3.973112511864519414e-01
3.966590444404018423e-01
3.866600031169066254e-01
3.819659215369256566e-01
3.845701752368091975e-01
3.818648775367239345e-01
3.722975901702714752e-01
3.659500162190147954e-01
3.655733878604165432e-01
3.608609295499426994e-01
3.620734874070875020e-01
3.590466795979935788e-01
3.636213376914590456e-01
3.531630071699048412e-01
3.513120147802523130e-01
3.482392701972636395e-01
3.426128026412578187e-01
3.281125968264693160e-01
3.296650383079917646e-01
3.348827262648468861e-01
3.359069729281650152e-01
3.353236520522124842e-01
3.352363866958012473e-01
3.358518551378787409e-01
3.416987860468708726e-01
3.432420419189674554e-01
3.499157208508112404e-01
3.493461822930768457e-01
3.558085853185739000e-01
3.561760299049600564e-01
3.646409995878742705e-01
3.672682152444570747e-01
3.691513653049102728e-01
3.736066077200188018e-01
3.815801190514875318e-01
3.873719321701933338e-01
3.841797705309375477e-01
3.964110274742620454e-01
3.911565869750279756e-01
3.911795507689409535e-01
3.943900886793863525e-01
3.908258889600761954e-01
3.927963043769406859e-01
3.886809465048166601e-01
3.865727382197987616e-01
3.881343708223883304e-01
3.863752345269945709e-01
3.952122340225012187e-01
3.903344338237547118e-01
3.964569500097501198e-01
3.957358509633543409e-01
4.139839705231840861e-01
4.174746789368391497e-01
4.211491036727424975e-01
4.198538670633029102e-01
4.163815349208375149e-01
4.115772150044635924e-01
4.070117370087828479e-01
4.152746021563697432e-01
4.187745026096987844e-01
4.207449129742253935e-01
4.173828159530288961e-01
4.182830502291977615e-01
4.237533596691432924e-01
4.305005211798768605e-01
4.297013272294821218e-01
4.298574862641493799e-01
4.321677788751435156e-01
4.190822349935237057e-01
4.144616460971082272e-01
4.106402410464117803e-01
4.042605098836579147e-01
4.000578875737293982e-01
3.917307139740926480e-01
3.895536133887289587e-01
3.888876289174951761e-01
3.875877974364771994e-01
3.974582324198518424e-01
4.001038202138931799e-01
4.049219183147540480e-01
4.125325693674359306e-01
4.223249195514873766e-01
4.258294098240570369e-01
4.290307616657731415e-01
4.297380797718611811e-01
4.319105767588811706e-01
4.302203401126882265e-01
4.316579584909148726e-01
4.252093382429392165e-01
4.274323687126459492e-01
4.335227299836614256e-01
4.326822069914466606e-01
4.305923713031908906e-01
4.319289498149467277e-01
4.429108931436231966e-01
4.480091603697833325e-01
4.550456913129520831e-01
4.548987105388557772e-01
4.612784352713615865e-01
4.519316186067503516e-01
4.502321972697382324e-01
4.515733660600382282e-01
4.431864834729642988e-01
4.434345082472625488e-01
4.398014199020342518e-01
4.367286716446181494e-01
4.349695394829551920e-01
4.221228214464082251e-01
4.135108806347696508e-01
4.093955259777696254e-01
4.047014448570922518e-01
4.011280618248734275e-01
4.029836518419249725e-01
4.127851816644576011e-01
4.182233352708160101e-01
4.263116733800080271e-01
4.271705786143568662e-01
4.301193025427345051e-01
4.297977781953192800e-01
4.318141234965268693e-01
4.314650519662062145e-01
4.359202975964389104e-01
4.395901270014603845e-01
4.447251472293031194e-01
4.492722507910081875e-01
4.578841860910053962e-01
4.575810444450279513e-01
4.569655801366813708e-01
4.505583091398768780e-01
4.413538600056463035e-01
4.363061129423733142e-01
4.310103461571397343e-01
4.276803953241580247e-01
4.183932867283770007e-01
4.245158019957656070e-01
4.281259242505638940e-01
4.304270317114354261e-01
4.320070364514836947e-01
4.314558709498148015e-01
4.290353427582484502e-01
4.042375502234757945e-01
4.049081332407154510e-01
4.073010972551491249e-01
4.008938124792416069e-01
4.005309687353786341e-01
3.967968373085552503e-01
4.140850149826893478e-01
4.213833488846434050e-01
4.195920613486969764e-01
4.199824720255133093e-01
4.282131928220991313e-01
4.274874897180561684e-01
4.297426700504052843e-01
4.313823801034630256e-01
4.413446693438826673e-01
4.437697942442411225e-01
4.458320694297918663e-01
4.451155537723884836e-01
4.333022721423163137e-01
4.323515112730121901e-01
4.438065403563721256e-01
4.513712606061039412e-01
4.537780101538797517e-01
4.508292889813228510e-01
4.508430703809340190e-01
4.527537680835961309e-01
4.606078559285493590e-01
4.575672703942718633e-01
4.551145877470287870e-01
4.527813322607287527e-01
4.682965982108026615e-01
4.723798066795876771e-01
4.705380021958782133e-01
4.796413958473210726e-01
4.940543326312708539e-01
4.936777001389416331e-01
5.002916806473273192e-01
4.943712533803423792e-01
4.904901375049951495e-01
4.813637768445151455e-01
4.842298367183081043e-01
4.791958710546461164e-01
4.775194121336366893e-01
4.750024242494679250e-01
4.744512546140682296e-01
4.761506828406316116e-01
4.689717728844965960e-01
4.586650046888174348e-01
4.531166256065622955e-01
4.404260721163238412e-01
4.435906691191436324e-01
4.433839807355204887e-01
4.391400174418826907e-01
4.498463759528592010e-01
4.541730138650607596e-01
4.600337234178434320e-01
4.591977952972071675e-01
4.600888444232537067e-01
4.556519759828175364e-01
4.519086589465683423e-01
4.532773772162907999e-01
4.507971414151977219e-01
4.522760925096719897e-01
4.458596262580695746e-01
4.446516554643446528e-01
4.444863099016445052e-01
4.429752048107971074e-01
4.470997482923469990e-01
4.490196357381660563e-01
4.447205560321522699e-01
4.488634707325539486e-01
4.494467911492028844e-01
4.490242260167099375e-01
4.541776082773357759e-01
4.477381754759997001e-01
4.468976451349299661e-01
4.451706674289438448e-01
4.475590471357780986e-01
4.498693397467721233e-01
4.471272940973420873e-01
4.532222562108805808e-01
4.567175521472591204e-01
4.594963429902131358e-01
4.566899980748019838e-01
4.567083706715641123e-01
4.506455740369847973e-01
4.460755030069392113e-01
4.442658433335341384e-01
4.455748530751231784e-01
4.376335035481860869e-01
4.287505769241569120e-01
4.235971845588555329e-01
4.194680512580650777e-01
4.187836900563383646e-01
4.304729588399579532e-01
4.297105165133355276e-01
4.284382469129329185e-01
4.321723833920940727e-01
4.337248303852577758e-01
4.370731528963947010e-01
4.391859445704051068e-01
4.435263648008246906e-01
4.493365528128099307e-01
4.530615000081177346e-01
4.602312243548269954e-01
4.631156522323476299e-01
4.737623104826523823e-01
4.776158667739013319e-01
4.846018715832382528e-01
4.815704647688349715e-01
4.823145340393918956e-01
4.770692961438107726e-01
4.769912154782184888e-01
4.788743526781755189e-01
4.919369433298614314e-01
4.967596261976252037e-01
4.923824681225364430e-01
4.852265201231005243e-01
4.832423301961762396e-01
4.898149609940873894e-01
4.978298077976242020e-01
5.061156560298684104e-01
5.064463480738755630e-01
5.045448290910876654e-01
5.018670813297285704e-01
4.960063644280908735e-01
4.952760742606276967e-01
5.034470897442041570e-01
4.961992828946887868e-01
4.943207263279036368e-01
4.809136654477236816e-01
4.784334337803614612e-01
4.799537221841176926e-01
4.796184288382842054e-01
4.830356436497669215e-01
4.848039614208556336e-01
5.004662081450258482e-01
5.038650636795463100e-01
5.049214703101823076e-01
4.955195119715061214e-01
4.872199025490019930e-01
4.844916392177899267e-01
4.829208191685607221e-01
4.925018815043761822e-01
4.810330811260806749e-01
4.786814535023219963e-01
4.799032020212305460e-01
4.816577374741013995e-01
4.811524972637412079e-01
4.920793260172555139e-01
4.905590298053409404e-01
4.825901220722159102e-01
4.843905910838572915e-01
4.847718138547305045e-01
4.877113530922891904e-01
4.868708268849504806e-01
4.819516939699562963e-01
4.805324449733677228e-01
4.825763406726047977e-01
4.782129607820030381e-01
4.883130392161487143e-01
4.889239109494340485e-01
4.969249859987318607e-01
5.017522623601635701e-01
5.040166356507934653e-01
4.870132072758271979e-01
4.854056553528735551e-01
4.926350868498062252e-01
4.890892643202924828e-01
4.930576414183200917e-01
4.865906453584583069e-01
4.869810601690054974e-01
4.973153870301759705e-01
5.047836682559601051e-01
4.924330002273128448e-01
4.998920820645680330e-01
5.020921455252377319e-01
5.010219749485212981e-01
5.007923190965576365e-01
4.899206058368121841e-01
4.881522912808476389e-01
4.813959354339228391e-01
4.787411620304555804e-01
4.806059321452917921e-01
4.738817298354368046e-01
4.746717211821784854e-01
4.762379514121670154e-01
4.754984724201540836e-01
4.810009262111005768e-01
4.787090029817445136e-01
4.838118641608762371e-01
