4.295313964405758078e-01
4.228990373644834211e-01
4.386072410718995229e-01
4.386072410718995229e-01
4.438432915208410101e-01
4.729906526918805643e-01
4.732525080112577331e-01
4.562352807831497881e-01
4.969020332281013363e-01
4.427088294863017470e-01
4.386072410718995229e-01
4.343310824445791862e-01
4.563225658896086223e-01
4.599005047526136813e-01
4.599877898590727376e-01
4.371236386115240347e-01
4.478575948287841779e-01
4.403525679501725243e-01
4.000348861169347181e-01
4.066672451930271048e-01
4.255170931326326400e-01
4.043982687633569384e-01
3.831922989158669246e-01
3.831922989158669246e-01
4.301422700110750785e-01
4.319748819958069141e-01
4.260406815966726324e-01
4.412252357526915691e-01
4.397416943796734756e-01
4.556244072126505174e-01
4.749978348895309566e-01
4.504756505969333968e-01
4.507374448289533930e-01
4.448905208095128572e-01
4.548390332433556171e-01
4.403525679501725243e-01
4.961165894446841751e-01
4.790121381974741244e-01
4.653111254144732811e-01
4.950694212433692787e-01
5.057160225400478826e-01
5.071123398939643145e-01
5.284928886811375293e-01
5.215987964603820970e-01
4.969892572472032199e-01
4.957675188329702110e-01
5.261366184182432182e-01
4.980364952626403774e-01
5.047560696310697814e-01
4.709835315815875667e-01
4.900951737532130981e-01
4.736888113688388913e-01
4.796230117679731730e-01
5.057160225400478826e-01
5.053670130156910911e-01
5.101667601070514202e-01
5.071123398939643145e-01
5.201152638141290918e-01
5.038834105553158249e-01
5.089450129660533229e-01
5.003054716923105438e-01
5.071995551863008878e-01
5.058033076465069389e-01
4.763940824293246834e-01
4.940221919546972096e-01
5.058033076465069389e-01
4.763940824293246834e-01
4.940221919546972096e-01
5.028362423540009285e-01
4.860808006311474472e-01
4.709835315815875667e-01
4.763940824293246834e-01
4.761322969240699976e-01
4.731652229047986769e-01
4.678418960761634438e-01
5.256130386809683142e-01
4.910550568480689382e-01
5.259621791068043173e-01
4.976001308177024907e-01
4.709835315815875667e-01
4.802338853384722217e-01
4.780521940152611116e-01
4.825028617681423881e-01
5.123484514302625303e-01
4.796230117679731730e-01
4.842481886464153895e-01
4.842481886464153895e-01
4.736015262623798350e-01
5.047560696310697814e-01
4.802338853384722217e-01
4.827646560001623843e-01
4.688891253648355129e-01
4.445414414710338047e-01
4.337202088740799155e-01
4.364255497486884128e-01
4.420979646425680087e-01
4.067545390262514715e-01
4.152195100870759159e-01
4.316258026573278617e-01
4.482066741672632304e-01
4.484684596725179162e-01
4.442796559657791189e-01
4.544899539048765646e-01
4.510865154406673572e-01
4.509992303342083009e-01
4.446286654901356883e-01
4.510865154406673572e-01
4.743869700457969962e-01
4.571079398589035225e-01
4.842481886464153895e-01
4.842481886464153895e-01
4.620821960758250135e-01
4.445414414710338047e-01
4.337202088740799155e-01
4.364255497486884128e-01
4.058818712237322046e-01
4.165285336077679812e-01
4.019547919348909204e-01
4.229863224709422553e-01
4.045728477030403614e-01
4.142595571780978148e-01
4.269133406724265889e-01
3.988131477027017091e-01
3.897373728855004771e-01
3.979404799001824422e-01
3.912209055317532602e-01
3.758617811628162109e-01
3.618116803145712268e-01
3.692294220867238241e-01
3.651278249455562896e-01
3.730692162691060521e-01
3.609390212388173813e-01
3.637315774057624518e-01
3.556156856834168378e-01
3.466271261585521790e-01
3.567501389911907905e-01
3.561392741474569412e-01
3.357186695424965173e-01
3.344096460218044520e-01
3.387730286682267833e-01
3.420891732992118461e-01
3.187887274208475175e-01
3.255955956225008441e-01
3.473252848355103950e-01
3.187887274208475175e-01
3.455798881431150216e-01
3.579718861321891099e-01
3.693167071931827694e-01
3.520376770062894067e-01
3.340605666833255105e-01
3.563138443603749428e-01
3.258573811277556409e-01
3.753381926987762185e-01
3.894755088393579978e-01
3.755127018243372694e-01
3.816214724363895527e-01
3.780434724860274320e-01
3.780434724860274320e-01
3.808360286529725025e-01
3.982895592386617167e-01
4.231608315965034173e-01
3.824941402389087086e-01
4.020420770413499767e-01
3.674840952084508228e-01
3.810106075926558145e-01
3.979404799001824422e-01
3.839776728851618248e-01
3.879919761931049926e-01
4.117287865164076521e-01
3.906972559803563172e-01
4.023911563798290292e-01
3.968060265924084895e-01
3.961078679154503845e-01
4.165285336077679812e-01
4.240334906722571517e-01
4.244698551171954826e-01
4.104197629957155868e-01
4.135613985011397098e-01
4.104197629957155868e-01
4.032638154555829857e-01
4.104197629957155868e-01
4.256043171517345236e-01
4.084126418854225893e-01
4.084126418854225893e-01
4.208919162541902015e-01
4.341565733190182463e-01
4.382581617334204704e-01
4.365127737677902964e-01
4.475958005967641817e-01
4.169648369653491393e-01
4.088489365162382150e-01
4.153940104858717675e-01
4.009076150068109357e-01
3.985513534706817129e-01
3.830177199761836127e-01
3.878174670675440527e-01
3.964569472539296591e-01
3.897373728855004771e-01
3.824941402389087086e-01
4.051837125467740996e-01
4.009076150068109357e-01
4.136486923343640765e-01
4.240334906722571517e-01
4.275242142429256376e-01
4.295313964405758078e-01
4.345929377639563551e-01
4.365127737677902964e-01
4.365127737677902964e-01
4.281350878134246862e-01
4.152195100870759159e-01
4.279605786878637463e-01
4.279605786878637463e-01
4.304913493495539090e-01
4.234226258285234135e-01
4.152195100870759159e-01
4.427960535054036306e-01
4.427960535054036306e-01
4.605113783231129521e-01
4.684527609198974041e-01
4.969020332281013363e-01
4.504756505969333968e-01
4.714198349391687248e-01
4.714198349391687248e-01
4.352038113344554038e-01
4.386072410718995229e-01
4.317130877637869180e-01
4.244698551171954826e-01
4.444541563645747484e-01
4.261279667031316887e-01
4.064927447942312533e-01
4.019547919348909204e-01
4.009076150068109357e-01
3.985513534706817129e-01
4.269133406724265889e-01
4.157430898243508199e-01
4.165285336077679812e-01
4.261279667031316887e-01
4.247316493492154788e-01
4.208919162541902015e-01
4.249934435812354749e-01
4.291823171020967553e-01
4.152195100870759159e-01
4.400034886116934718e-01
4.344183675510382425e-01
4.484684596725179162e-01
4.486430386122013392e-01
4.574570191973825750e-01
4.562352807831497881e-01
4.596387105205939072e-01
4.714198349391687248e-01
4.548390332433556171e-01
4.317130877637869180e-01
4.244698551171954826e-01
4.261279667031316887e-01
4.197573931322939877e-01
4.050092121479784701e-01
4.475958005967641817e-01
4.304913493495539090e-01
4.322366762278271324e-01
4.475958005967641817e-01
4.304913493495539090e-01
4.071036183647305240e-01
4.001221712233937744e-01
4.089362303494625817e-01
3.964569472539296591e-01
4.142595571780978148e-01
4.269133406724265889e-01
4.158303836575751866e-01
4.345056526574972988e-01
4.186229398245200350e-01
4.445414414710338047e-01
4.295313964405758078e-01
4.259533964902135761e-01
4.365127737677902964e-01
4.305785646418907042e-01
4.426215443798426907e-01
4.344183675510382425e-01
4.412252357526915691e-01
4.491666183494760212e-01
4.494284125814962394e-01
4.187102249309790913e-01
4.447159505965947446e-01
4.447159505965947446e-01
4.558862014446705135e-01
4.578933836423206838e-01
4.386072410718995229e-01
4.464613472889902290e-01
4.499520010455362318e-01
4.596387105205939072e-01
4.969020332281013363e-01
4.534427158894394072e-01
4.507374448289533930e-01
4.842481886464153895e-01
4.551008274753758354e-01
4.914914212930070470e-01
4.975129067986003850e-01
4.910550568480689382e-01
4.842481886464153895e-01
4.906187534904877801e-01
4.893097299697959368e-01
4.763940824293246834e-01
4.448032357030538009e-01
4.771795262127420667e-01
4.825028617681423881e-01
4.691509195968555090e-01
4.602495840910929559e-01
4.705471671366494579e-01
4.429706237183217432e-01
4.664455787222472338e-01
4.492539034559350775e-01
4.448905208095128572e-01
4.548390332433556171e-01
4.386072410718995229e-01
4.317130877637869180e-01
4.510865154406673572e-01
4.743869700457969962e-01
4.556244072126505174e-01
4.596387105205939072e-01
4.563225658896086223e-01
4.772668113192011230e-01
4.714198349391687248e-01
4.772668113192011230e-01
4.772668113192011230e-01
4.492539034559350775e-01
4.580678927678816237e-01
4.436687125811575871e-01
4.397416943796734756e-01
4.334584146420601414e-01
4.458504039043686973e-01
4.474212303838460691e-01
4.451523150415328534e-01
4.572825187985869455e-01
4.451523150415328534e-01
4.509992303342083009e-01
4.372109237179830910e-01
4.520464683496454583e-01
4.580678927678816237e-01
4.392181146423985716e-01
4.520464683496454583e-01
4.509992303342083009e-01
4.105070481021746431e-01
4.618204018438050174e-01
4.562352807831497881e-01
4.514355947791461876e-01
4.969020332281013363e-01
4.509119452277492446e-01
4.714198349391687248e-01
4.548390332433556171e-01
4.244698551171954826e-01
4.461994832428477498e-01
4.342438584254770806e-01
4.261279667031316887e-01
4.148704307485968634e-01
4.169648369653491393e-01
4.050092121479784701e-01
4.216772989502504121e-01
4.352910266267921990e-01
4.345056526574972988e-01
4.279605786878637463e-01
4.291823171020967553e-01
4.305785646418907042e-01
4.344183675510382425e-01
4.514355947791461876e-01
4.633912195965168568e-01
4.574570191973825750e-01
4.562352807831497881e-01
4.571079398589035225e-01
4.842481886464153895e-01
4.551008274753758354e-01
4.731652229047986769e-01
4.763068671369881102e-01
4.659219902582072415e-01
4.746487555510516820e-01
4.772668113192011230e-01
4.784885584601992203e-01
4.957675188329702110e-01
4.910550568480689382e-01
5.026616634143175055e-01
4.742996762125726296e-01
4.827646560001623843e-01
4.796230117679731730e-01
5.057160225400478826e-01
5.053670130156910911e-01
5.101667601070514202e-01
4.763940824293246834e-01
4.940221919546972096e-01
4.860808006311474472e-01
5.047560696310697814e-01
5.108647791557650031e-01
4.758705026920500014e-01
4.893097299697959368e-01
4.763940824293246834e-01
4.761322969240699976e-01
4.678418960761634438e-01
5.123484514302625303e-01
4.970765423536622762e-01
4.970765423536622762e-01
4.957675188329702110e-01
5.025743783078584492e-01
4.938476130150140087e-01
4.865171650760857780e-01
4.709835315815875667e-01
4.832010204451004931e-01
4.827646560001623843e-01
4.796230117679731730e-01
4.771795262127420667e-01
4.825028617681423881e-01
4.678418960761634438e-01
4.832010204451004931e-01
4.970765423536622762e-01
4.989091543383945559e-01
4.949821361369102224e-01
4.776158906576799534e-01
4.997818221409136008e-01
4.838118852888344534e-01
4.997818221409136008e-01
4.997818221409136008e-01
4.802338853384722217e-01
4.838118852888344534e-01
4.838118852888344534e-01
4.770922411062830104e-01
4.885243472737357262e-01
4.727288584598607901e-01
5.094686014300935373e-01
4.842481886464153895e-01
5.101667601070514202e-01
4.857317911067908778e-01
4.913169121674461071e-01
4.899205948135298971e-01
4.998691072473726571e-01
4.811065444142261782e-01
4.923640803687610035e-01
4.998691072473726571e-01
5.133956196315776488e-01
5.057160225400478826e-01
4.935858275097591008e-01
4.832882357374372884e-01
5.147919282587285483e-01
4.921022861367410073e-01
4.976001308177024907e-01
5.000436774602907697e-01
4.996945981218114952e-01
4.781394791217201679e-01
4.797975819808912856e-01
4.788376377986782728e-01
4.659219902582072415e-01
4.761322969240699976e-01
4.705471671366494579e-01
4.787503526922192165e-01
4.731652229047986769e-01
4.694999989353345615e-01
4.524827629804610840e-01
