4.331442681087099844e-01
4.274369601164834664e-01
4.237935334250294561e-01
4.220874556099992736e-01
4.394057160975902154e-01
4.457020829287749453e-01
4.529496654315268711e-01
4.574875772750702785e-01
4.541146885981216519e-01
4.468060217926876909e-01
4.426346288553845154e-01
4.485426428499046381e-01
4.488698934940185126e-01
4.524522297740545262e-01
4.535474436180275681e-01
4.459289775173742032e-01
4.399467803454674697e-01
4.302731658180702357e-01
4.176717145535112641e-01
4.141155520242796872e-01
4.079064707358921460e-01
4.039183298339585337e-01
4.019940807049159903e-01
3.978139623113347012e-01
4.188018254228754178e-01
4.203857416139538117e-01
4.289816106634647963e-01
4.361680962097249648e-01
4.495724046451662903e-01
4.557771286596431493e-01
4.637621206479490832e-01
4.633301475113063006e-01
4.653591243689370605e-01
4.501614713382134925e-01
4.431538792443975860e-01
4.409416446789997113e-01
4.610088231436886841e-01
4.775460507913796837e-01
4.797408292081621894e-01
4.889475718281725003e-01
4.997294877294524151e-01
5.114189998749978372e-01
5.157605577540992359e-01
5.193908820801425019e-01
5.090976645989236937e-01
5.056287666682525161e-01
4.994414892029492847e-01
4.958722456888818853e-01
4.972205422714212064e-01
4.875425534529209126e-01
4.949515780592225189e-01
4.847150862977601671e-01
4.824504898315905566e-01
4.969674551694722164e-01
4.990531621102420878e-01
5.093420218812120259e-01
5.158216411841046733e-01
5.179640542094092748e-01
5.221878090474844081e-01
5.100837930040593715e-01
5.066018088524935070e-01
5.061261983986805602e-01
5.023911336902393554e-01
5.011039502087074604e-01
5.022122393651187178e-01
5.040317725467062804e-01
5.110131926350707232e-01
5.061218332706809431e-01
5.050702602345844561e-01
4.964482152525773739e-01
4.941312560129594300e-01
4.920324733234130443e-01
4.816607188816028895e-01
4.761497639811418381e-01
4.757919657314587658e-01
4.996334889478485364e-01
5.060651162776897971e-01
5.060869388633192356e-01
4.958460763014601591e-01
4.878916314823851796e-01
4.869753150179008117e-01
4.839078618171868129e-01
4.793044944342260694e-01
4.802731645090552171e-01
4.976568805360635506e-01
4.995505833685515706e-01
4.999520171900520005e-01
4.975128880360551453e-01
4.883672349547861780e-01
4.858582934237993811e-01
4.818657983023229008e-01
4.694563402375893091e-01
4.593681938866635006e-01
4.506894358387096844e-01
4.401518663112615748e-01
4.328170187736109509e-01
4.345798227447358886e-01
4.370407670666119349e-01
4.348285325012141156e-01
4.383934148143263099e-01
4.430404247505165816e-01
4.463609558900761831e-01
4.459769755991613849e-01
4.495156824161160580e-01
4.475347058219638074e-01
4.479972204554401038e-01
4.491753355153272342e-01
4.505279802086736285e-01
4.620473069045225034e-01
4.697486820751786141e-01
4.696526907113252602e-01
4.646260756479997367e-01
4.571865064904968579e-01
4.507723383636386139e-01
4.428004395776398705e-01
4.237891778964718581e-01
4.137359403520705081e-01
4.085522426407973695e-01
4.085958725402171754e-01
4.086656862262216805e-01
4.000043786544856816e-01
3.975477924791968598e-01
3.959769782171909114e-01
3.874291068131288096e-01
3.823544941043544032e-01
3.846670886523113064e-01
3.821275995157552563e-01
3.714678592012516933e-01
3.667859474399493003e-01
3.652238560161918390e-01
3.606248467798184310e-01
3.621912998408691187e-01
3.593158324222299194e-01
3.632690527365058375e-01
3.510821315501224116e-01
3.524958697092545612e-01
3.487564442361966166e-01
3.433196694587544728e-01
3.272842417238586710e-01
3.292084921619160554e-01
3.354612177488862090e-01
3.365040679467342644e-01
3.351775922044713529e-01
3.341652909212075029e-01
3.355703005696936692e-01
3.411816110893310383e-01
3.439218110279015361e-01
3.492713198977683842e-01
3.499912754163984618e-01
3.560694713699089631e-01
3.568025200908462868e-01
3.633999625063255023e-01
3.664499656671599825e-01
3.693036248993323833e-01
3.731084919489830454e-01
3.816345451307983638e-01
3.868793297627830530e-01
3.844881938908523700e-01
3.956802751786464567e-01
3.905925618498145568e-01
3.917401310494853517e-01
3.943668930750289792e-01
3.909590851194374439e-01
3.922070195377264645e-01
3.889213897869409076e-01
3.869404101384207872e-01
3.884850484679308602e-01
3.856313927264645169e-01
3.948512211310314379e-01
3.895104416444870044e-01
3.963085931166276943e-01
3.971070999950118141e-01
4.147918854975786718e-01
4.173880994812148026e-01
4.209355260820498712e-01
4.197923207013637414e-01
4.170390279968244629e-01
4.110437350045810234e-01
4.052753422733342825e-01
4.152805725728448971e-01
4.186229319704313778e-01
4.203421042967834254e-01
4.171699268581875453e-01
4.181385982420314784e-01
4.235448363223610069e-01
4.312374720739147738e-01
4.298848208354941747e-01
4.297626408853351121e-01
4.322890368195840827e-01
4.192992545352736689e-01
4.147089799182818171e-01
4.101536097444317130e-01
4.047255543145319434e-01
3.997556667163161270e-01
3.922593714027182155e-01
3.895628013635675235e-01
3.891177380789854756e-01
3.893664491444785436e-01
3.959595255592817664e-01
3.984728339636210981e-01
4.054891563134358501e-01
4.118378728279211698e-01
4.219783740982066544e-01
4.258181551904408613e-01
4.284143757191509749e-01
4.301640838699391511e-01
4.323021326399207886e-01
4.301858929290826028e-01
4.296317415876337864e-01
4.254647102876240039e-01
4.265031971028255819e-01
4.327733762203814227e-01
4.327777435300720899e-01
4.314425427678695302e-01
4.320534207017512895e-01
4.430185999831957600e-01
4.479666741588855250e-01
4.560127552495943926e-01
4.551618930155124643e-01
4.616196975868643859e-01
4.523300629140435403e-01
4.495811335921504615e-01
4.495200501621450795e-01
4.435509418291627703e-01
4.443538029270897027e-01
4.401911389367706984e-01
4.368924124929719488e-01
4.354524957833142418e-01
4.213631323453402300e-01
4.133345095849379480e-01
4.088096843986275819e-01
4.048739119425398547e-01
4.015926468834155605e-01
4.027227682248980534e-01
4.120778545100917678e-01
4.178680645909088609e-01
4.270660800092881404e-01
4.267388324195421356e-01
4.285670875667016988e-01
4.297888233629050814e-01
4.321974127654214515e-01
4.318919737984805995e-01
4.344620096679294718e-01
4.392617266519495689e-01
4.432498653721917425e-01
4.498167562550572929e-01
4.571515976839721773e-01
4.574963022950100933e-01
4.578366496321371604e-01
4.496160480710724161e-01
4.416092343698134748e-01
4.370407688119650191e-01
4.310411189821491407e-01
4.271446174062175638e-01
4.190069148793756360e-01
4.242255231425263173e-01
4.274500598638645843e-01
4.299502759385731565e-01
4.317261726756670970e-01
4.317610775551471991e-01
4.271402566416007685e-01
4.053233425368126808e-01
4.047081073290202946e-01
4.060956573381850343e-01
4.003621694864182845e-01
4.015315621443952265e-01
3.968889273719845567e-01
4.132428807310543628e-01
4.209966160571294580e-01
4.199886689934084205e-01
4.199144954154636622e-01
4.282005621153873731e-01
4.260668653832572761e-01
4.293394014953975102e-01
4.308971260458023811e-01
4.400384113810423270e-01
4.427524358234552482e-01
4.465093117727310101e-01
4.455231864219629800e-01
4.340954894526743435e-01
4.333318948715209062e-01
4.441879930775108898e-01
4.522078816548696922e-01
4.540841348838164926e-01
4.510079579721775755e-01
4.506719783810796409e-01
4.526878594183736948e-01
4.601012456619685831e-01
4.573217739705654483e-01
4.552142553526225544e-01
4.520028118335914225e-01
4.693559798186920373e-01
4.723274468916116575e-01
4.726852438322800554e-01
4.793917638325075892e-01
4.954053768358626653e-01
4.942796162589969677e-01
5.008857902394898698e-01
4.949384918383276100e-01
4.909678145027599472e-01
4.811851079914514773e-01
4.852561483639461493e-01
4.782878288956393109e-01
4.775024178375919526e-01
4.749105641822344848e-01
4.742560502401972355e-01
4.744916798845161265e-01
4.700541219147961192e-01
4.582555369842232773e-01
4.530587534883935286e-01
4.419757602574660993e-01
4.432324131506208964e-01
4.443058017909347623e-01
4.389213889142643543e-01
4.500785548504600553e-01
4.540143246885181005e-01
4.600794243853537635e-01
4.587616880621935289e-01
4.599397991950362474e-01
4.553320723564733830e-01
4.520551776614077366e-01
4.530762035282729916e-01
4.508596077619200782e-01
4.522646113016707270e-01
4.466576650373563773e-01
4.446156015224924651e-01
4.438214698078878362e-01
4.434287679877394472e-01
4.475608891722100968e-01
4.487826367495467150e-01
4.441574489626477495e-01
4.487128173911447138e-01
4.486473723238457723e-01
4.499781987949453277e-01
4.536303487609860130e-01
4.472074486327759502e-01
4.471856299741906460e-01
4.452831955766889394e-01
4.467667491671785673e-01
4.496334885115101376e-01
4.473252551645083841e-01
4.533729074394939884e-01
4.575748436189840396e-01
4.602714175851790879e-01
4.560389338001197279e-01
4.559734861147913820e-01
4.504407234642019420e-01
4.476350684225522403e-01
4.450170327259631575e-01
4.455973595635696616e-01
4.372720315829315973e-01
4.282005621153873731e-01
4.245222235630411456e-01
4.189370955209737457e-01
4.178200708725044454e-01
4.306571395639109956e-01
4.298760966882310131e-01
4.279431173031893465e-01
4.319007062361708837e-01
4.343398380081975318e-01
4.372196696821596396e-01
4.379876228462386001e-01
4.435640293590724648e-01
4.489440762350668246e-01
4.534034502453425652e-01
4.602015986631153299e-01
4.624967418621778736e-01
4.727812386868396333e-01
4.773017039812096352e-01
4.829959161530993361e-01
4.825377587935337220e-01
4.827210165013007814e-01
4.762021311179728822e-01
4.774936923813138390e-01
4.794964806526390566e-01
4.912645240863783291e-01
4.959027954761426327e-01
4.920848387148909486e-01
4.859542852239912003e-01
4.828999178078336452e-01
4.895278969204257535e-01
4.980975834923670464e-01
5.066498256968261504e-01
5.049437347916480023e-01
5.056156965918734425e-01
5.010995855170463642e-01
4.967318346882567681e-01
4.950781161559686394e-01
5.037830732623465035e-01
4.959202564244787337e-01
4.932891305799504411e-01
4.821930520008046450e-01
4.781787486928613662e-01
4.781961978600645091e-01
4.786238071777226821e-01
4.827079298440677957e-01
4.851383344144631904e-01
4.999607457006979838e-01
5.045117629640201162e-01
5.047997549454492638e-01
4.956409968807399258e-01
4.878174548500726071e-01
4.852692411299149855e-01
4.837769620831472439e-01
4.929880558683324976e-01
4.811196598697847771e-01
4.800680898880561598e-01
4.799197361870926604e-01
4.808709501133067166e-01
4.816607180089264584e-01
4.929487897878973568e-01
4.896675212380669495e-01
4.837027837054815871e-01
4.847892655481024771e-01
4.846714559620021179e-01
4.866218849505851152e-01
4.877694532775794234e-01
4.824243160807858422e-01
4.806964169891410066e-01
4.814338234203272004e-01
4.780347505204554648e-01
4.890173811507944057e-01
4.883585099348463077e-01
4.961340639195065405e-01
5.017977324128712890e-01
5.035081845190044758e-01
4.881708849173883591e-01
4.861375564582443576e-01
4.925866285919061061e-01
4.887730339042860028e-01
4.926389870019717843e-01
4.864953407451030887e-01
4.868226014249970035e-01
4.976263342395090272e-01
5.048826509253041550e-01
4.923510133467496885e-01
4.987171820828059099e-01
5.022558888997604720e-01
5.012959460265623557e-01
5.008988760240467020e-01
4.891090161134135639e-01
4.884632402814640395e-01
4.818919842705990386e-01
4.786630802395698825e-01
4.806615064372635193e-01
4.745396810206711780e-01
4.746749375922833525e-01
4.767780915185649837e-01
4.756217942445865043e-01
4.800331749727959618e-01
4.783314548680147604e-01
4.841347546604328755e-01
