4.317130877637869180e-01
4.070163288948888125e-01
4.218082266099389965e-01
4.454141092735529606e-01
4.396108016270460217e-01
4.472030787050554901e-01
4.761323231043659288e-01
4.579369956518718476e-01
4.736888419125173666e-01
4.570643322127352359e-01
4.412689088495996836e-01
4.294004687808873344e-01
4.536608981119084616e-01
4.352037764273941622e-01
4.352474189806236904e-01
4.331093353035808668e-01
4.432324179503418504e-01
4.372982131878248024e-01
4.065799600865681596e-01
4.077144483014031318e-01
4.194083530642587210e-01
3.883410555315841006e-01
3.955406456249461744e-01
3.938825733094536430e-01
4.243389623645680286e-01
4.252989109101634746e-01
4.372982175512074576e-01
4.404834650661825224e-01
4.509555877809786617e-01
4.559298439979001527e-01
4.673182727050624319e-01
4.736888419125173666e-01
4.499956741424442352e-01
4.499956741424443463e-01
4.452395696043134343e-01
4.394799045110360236e-01
4.834191633971258728e-01
4.881316253820272566e-01
4.813247310000777768e-01
4.979928832530895466e-01
5.047997165476818537e-01
5.149227642873815958e-01
5.178026142875509219e-01
5.127411035078489610e-01
4.963783880400867154e-01
4.930185964924895803e-01
5.166680868022720530e-01
4.920586479468939123e-01
5.011781002243861360e-01
4.736888070054561251e-01
4.968147524850249352e-01
4.750414468990817873e-01
4.787067057756071442e-01
4.949821055932316360e-01
5.044506721162639318e-01
5.242604642380822577e-01
5.241295060347153090e-01
5.243040762476333105e-01
5.013090322474572647e-01
5.029671351066282714e-01
4.980364952626403774e-01
5.024871281084607455e-01
5.025307706616901626e-01
4.852081371920109465e-01
5.131338253995574306e-01
4.910986950379158111e-01
4.921458981462918381e-01
5.009599529089781011e-01
4.984292171543490690e-01
5.061087095246953327e-01
4.850772400760009484e-01
4.832446280912688907e-01
4.805829646769512742e-01
4.705035594904810603e-01
4.747796570304443353e-01
5.147482246181420695e-01
5.029671045629497961e-01
5.143119212605609114e-01
4.856008285400411628e-01
4.811502218745168369e-01
4.783139838838984526e-01
4.815429132225468312e-01
4.778340423364705325e-01
5.018762938084052605e-01
4.940658301445441936e-01
4.876516227472421638e-01
4.948076008310532403e-01
4.856008285400411628e-01
5.056287330702062821e-01
4.817174528917863574e-01
4.804084250077117479e-01
4.650493268190706297e-01
4.590714838667068198e-01
4.347674425261346398e-01
4.355964983191028539e-01
4.432760605035713786e-01
4.243826092811802120e-01
4.317130921271695732e-01
4.355528557658732147e-01
4.317130921271695732e-01
4.465922051345563304e-01
4.464613472889902290e-01
4.508246950283513188e-01
4.531809216574194110e-01
4.492102303590271850e-01
4.478139479121719946e-01
4.307967817714210002e-01
4.681036859448010068e-01
4.660528873742172395e-01
4.796230117679731730e-01
4.815429132225468312e-01
4.585915117756004244e-01
4.468976724634844411e-01
4.382145191801908313e-01
4.401780631879941286e-01
4.079326654309333167e-01
4.115106392009996172e-01
4.069726863416592844e-01
4.119469687388765955e-01
4.063618171345428909e-01
4.064927404308488201e-01
4.127323470715541509e-01
3.957587929403539873e-01
3.981150588398658652e-01
3.855921026474247726e-01
3.875992892084575425e-01
3.819268786779606017e-01
3.631207081986458363e-01
3.681385764251182136e-01
3.604153978677160919e-01
3.643424509762614449e-01
3.537830736986847802e-01
3.607208346529657272e-01
3.511214059209845084e-01
3.447945141738201769e-01
3.588445801150040859e-01
3.515577398222441419e-01
3.236320821583761886e-01
3.356313844360374610e-01
3.329261090121688471e-01
3.430927643980369868e-01
3.279082146054006497e-01
3.265119016148669284e-01
3.313116443428447133e-01
3.330570061281789562e-01
3.492451470196403784e-01
3.440963249531835411e-01
3.522995061453706445e-01
3.464961984988636501e-01
3.524304032613806981e-01
3.608081241228072722e-01
3.474561470444592626e-01
3.777816782540073803e-01
3.810105683222120287e-01
3.810105726855946284e-01
3.812723974612931555e-01
3.841958551076308237e-01
3.841958551076308237e-01
3.862030067616025186e-01
4.030020212235629895e-01
4.086307935642130573e-01
3.749891177236797657e-01
3.975041547256882302e-01
3.746400383852007132e-01
3.885155952008236824e-01
3.910463309554526590e-01
3.807923904631256296e-01
3.971114633776582359e-01
3.962824075846900773e-01
3.992058695944102897e-01
3.982459559558758633e-01
4.040056166857706188e-01
4.036565373472915663e-01
4.063182007616091829e-01
4.185792623642293764e-01
4.059254788699007133e-01
4.136486574273028349e-01
4.084126069783613477e-01
4.105070481021746431e-01
4.084126069783613477e-01
4.156558396249528942e-01
4.238153477202319941e-01
4.037438224537506226e-01
4.166157881705485622e-01
4.318003728702459743e-01
4.318439848797970271e-01
4.283969082257407246e-01
4.297059055661368587e-01
4.335020615586722137e-01
4.183611150488215635e-01
4.137795807236086532e-01
4.086744012103813439e-01
3.865957286533110993e-01
3.908718261932743188e-01
3.902173100695456864e-01
3.765599354763918272e-01
3.947115898319780714e-01
3.928789778472460137e-01
3.877301863244675961e-01
4.011694092388309318e-01
4.054455373224726822e-01
4.150886129710660288e-01
4.185792623642293764e-01
4.315385524579300469e-01
4.143031997313272319e-01
4.320621671022660815e-01
4.420542871822772391e-01
4.258661419274331061e-01
4.323239307906074913e-01
4.173139163038280808e-01
4.332839098798816346e-01
4.377781896423139640e-01
4.335020615586721027e-01
4.232044741497328344e-01
4.241208150491601048e-01
4.444105181747278754e-01
4.516537159142582913e-01
4.644820696215051781e-01
4.614277148591574562e-01
4.782703718743476218e-01
4.736888419125173666e-01
4.609477427680510608e-01
4.581551778743407910e-01
4.450214222889055105e-01
4.351601644178432204e-01
4.384327014026598857e-01
4.369491338493458610e-01
4.256915978948109247e-01
4.223318107105963337e-01
4.054018991326256982e-01
4.007330491572753672e-01
3.970678208244287077e-01
3.975041503623056860e-01
4.205864489252622018e-01
4.059254788699006022e-01
4.199755797181456973e-01
4.250807286876944202e-01
4.261279317960705582e-01
4.276551419026142220e-01
4.283096231192816683e-01
4.379527249481708351e-01
4.234226563722018888e-01
4.430142357278727960e-01
4.402216751975451814e-01
4.448468477126047427e-01
4.479012373820137061e-01
4.659219946215897856e-01
4.650493311824533960e-01
4.550571805587636520e-01
4.549698954523045957e-01
4.492538729122566021e-01
4.325857512029235297e-01
4.288768846802298862e-01
4.172266617410476108e-01
4.173139119404454256e-01
4.218082266099389965e-01
4.377781896423139640e-01
4.313640127886905207e-01
4.334148069958917437e-01
4.377781896423139640e-01
4.262588638191416868e-01
4.007330797009539536e-01
4.094161980771864329e-01
4.172266617410476108e-01
4.011257666856014037e-01
4.165721456173189230e-01
4.021729697939774861e-01
4.059691257865127856e-01
4.275242447866042239e-01
4.156558396249528942e-01
4.360328278569797211e-01
4.290950669026988296e-01
4.302731671270849656e-01
4.322366762278270214e-01
4.340692838491765349e-01
4.443232636119474055e-01
4.385199559654404666e-01
4.451959270510837952e-01
4.486866462583696258e-01
4.417488503970277147e-01
4.276551419026142220e-01
4.419670326194966581e-01
4.518718937733446905e-01
4.502574334674031009e-01
4.568025379807151287e-01
4.379090823949413069e-01
4.403962148667847076e-01
4.590278413134772917e-01
4.555371526498700474e-01
4.741688140036237620e-01
4.459813359274399369e-01
4.607295910892604818e-01
4.696745080608956124e-01
4.769177407074872699e-01
4.901387813993814957e-01
4.944149094830232460e-01
4.979492057927987769e-01
4.891788328537858277e-01
4.876516532909207502e-01
4.864299148766878522e-01
4.795793692147435339e-01
4.640021280740771470e-01
4.811065793212873087e-01
4.778340423364705325e-01
4.653111210510907370e-01
4.671437373992054498e-01
4.683654758134383478e-01
4.610786704277395343e-01
4.578497410890911556e-01
4.433197030568007957e-01
4.279605743244810911e-01
4.448032400664364561e-01
4.425342941804448760e-01
4.325857512029235297e-01
4.471594666955045483e-01
4.712453258136076739e-01
4.577624559826320993e-01
4.555371526498700474e-01
4.531372834675724270e-01
4.653547636043202651e-01
4.603368691975519011e-01
4.632603573875681002e-01
4.578933836423207948e-01
4.603368691975519011e-01
4.483375669198905733e-01
4.376909001724722525e-01
4.453704623569408882e-01
4.393053648417964974e-01
4.495593053341235823e-01
4.513482791290087670e-01
4.492102609027056603e-01
4.502574683744643425e-01
4.507374404655707378e-01
4.564098160890066591e-01
4.238589859100788670e-01
4.541845171196270403e-01
4.486430037051400976e-01
4.400471355283056551e-01
4.515228493419268796e-01
4.307531392181914720e-01
4.307531392181914720e-01
4.649620417126116845e-01
4.559298439979001527e-01
4.555371526498700474e-01
4.759141408818968744e-01
4.640893782734751838e-01
4.643075299522656518e-01
4.631294340912621710e-01
4.353346691800216162e-01
4.503447185738621572e-01
4.325421435567550210e-01
4.243826049177975568e-01
4.108124848874241675e-01
4.109870245566638047e-01
4.069290743321083426e-01
4.218518386194899383e-01
4.306222115585028876e-01
4.345492952107268270e-01
4.322366762278270214e-01
4.298804408719937298e-01
4.324984660964644734e-01
4.385199559654404666e-01
4.471158241422749091e-01
4.560171291043590980e-01
4.575879163133925731e-01
4.653111254144733921e-01
4.654856607203302632e-01
4.794484720987335358e-01
4.769177407074872699e-01
4.859499384221986906e-01
4.838118896522171086e-01
4.715944007887041822e-01
4.759577834351264025e-01
4.715944007887041822e-01
4.891351903005564106e-01
4.990836983710165153e-01
4.966402128157854090e-01
4.940221875913146654e-01
4.760450379979068725e-01
4.814992706693173030e-01
4.766559115684060322e-01
4.926695171540105278e-01
5.055415177778694868e-01
5.068505456619440963e-01
4.876080107376912220e-01
4.958111613861998501e-01
4.920586479468939123e-01
5.013962824468550794e-01
4.985600749999152814e-01
4.911859496006963921e-01
4.873025783158243529e-01
4.832446280912688907e-01
4.770922454696655546e-01
4.900951737532129870e-01
4.947203462682727704e-01
4.904442138212483648e-01
4.979928483460284161e-01
4.928440568232500540e-01
5.023998735456801645e-01
5.020071865610327144e-01
4.920586479468941343e-01
4.806266028667982582e-01
4.817174528917863574e-01
4.913168816237675207e-01
4.855135739772605818e-01
4.769177363441046147e-01
4.778340423364705325e-01
4.729034024924827495e-01
4.824592192149128600e-01
4.932367787149586347e-01
5.035343312168367724e-01
4.931495241521781647e-01
4.814993012129958894e-01
4.870407491767431152e-01
4.917968537148740271e-01
4.886988563992967771e-01
4.955929791637307957e-01
4.787067057756071442e-01
4.784885540968165651e-01
4.980801683595484919e-01
4.820664973232043904e-01
4.873898590589006430e-01
4.820228853136534486e-01
5.071559780838110765e-01
4.950257481464611642e-01
5.084650408749468165e-01
4.881752722986393289e-01
4.903133210686210219e-01
4.850772400760010594e-01
4.962474909240768284e-01
4.842918311996450287e-01
4.833318782906668165e-01
4.971201892702745706e-01
5.095558210858127657e-01
5.055415177778694868e-01
4.921022905001234404e-01
4.910550873917475245e-01
4.990837245513124465e-01
5.014835326462530052e-01
5.149227948310600711e-01
4.946767037150433532e-01
4.916223489526956314e-01
4.772667807755224256e-01
4.818047336348628695e-01
4.811065793212873087e-01
4.675364549275313752e-01
4.750850938156939707e-01
4.747360101138322630e-01
4.789685349146882709e-01
4.813247266366951216e-01
4.713326109200666192e-01
4.652238359446315696e-01
