4.326148476928706743e-01
4.211245950882716027e-01
4.211246154507239936e-01
4.453559192025802749e-01
4.414870474382423526e-01
4.558862218071229044e-01
4.656311038996225338e-01
4.579224583153547745e-01
4.729325062547344860e-01
4.526864136842567721e-01
4.513192175461226974e-01
4.402071131351932287e-01
4.510574000427285402e-01
4.440759848995310954e-01
4.482939360023481257e-01
4.326439194569828839e-01
4.402362314420535938e-01
4.388981303394058897e-01
4.130959622920893359e-01
4.117287632450334356e-01
4.180702388714630513e-01
3.957588147572672632e-01
3.985513796509775886e-01
3.942461870755279985e-01
4.214736715178289406e-01
4.308985954876316526e-01
4.363382675511510711e-01
4.331675282834753227e-01
4.501847380580528690e-01
4.570788680947913130e-01
4.648747784230658486e-01
4.631294544537145619e-01
4.457922836475183281e-01
4.475667259237301465e-01
4.448032386119755710e-01
4.368909655952863402e-01
4.798848234535237900e-01
4.843354708439528422e-01
4.804956999329446088e-01
4.949239693373116977e-01
5.087704223906829304e-01
5.117375138634847609e-01
5.145009808127869455e-01
5.227623273501117440e-01
5.062977981661388460e-01
5.040579371344074966e-01
5.089740003714343652e-01
4.944294148214007367e-01
5.001308985704708832e-01
4.736888084599170656e-01
5.000436338264642178e-01
4.744742086095077860e-01
4.781976459213188035e-01
4.974837914006617345e-01
4.995200511802675991e-01
5.179626471639519059e-01
5.232859361766042383e-01
5.188352887861752416e-01
5.083340812171189826e-01
5.106612244463876182e-01
5.016726678304447296e-01
5.103702915450548661e-01
4.991128021332681963e-01
5.008872444094798482e-01
5.008872444094798482e-01
4.966983679796968532e-01
5.055124183790004055e-01
5.015853827239856733e-01
5.023708032360287845e-01
5.019344155197166257e-01
4.845681933118605733e-01
4.904151086045358543e-01
4.770922672865787195e-01
4.753469171369315571e-01
4.703435455220715267e-01
5.151700415453369652e-01
4.967274659241049939e-01
5.129302008760577847e-01
4.848590593079928901e-01
4.874480404031081293e-01
4.822410471736700011e-01
4.839282276147968687e-01
4.776158702952277291e-01
4.940803820256698953e-01
4.931785988252121444e-01
4.936730893448440516e-01
4.974256216921413287e-01
4.859062740520560530e-01
5.030979871343509435e-01
4.799429960709657994e-01
4.819501608150853489e-01
4.634494125764114236e-01
4.612386262177138874e-01
4.350583303391801770e-01
4.383745244218351655e-01
4.393926412214901878e-01
4.304040642430950192e-01
4.316839956372223175e-01
4.378508952328903359e-01
4.326148506017924444e-01
4.555080474331574814e-01
4.471303847501661433e-01
4.536754354484254237e-01
4.512610245662282971e-01
4.515810088692209789e-01
4.500392832430735179e-01
4.389562971390044699e-01
4.645547970289948814e-01
4.688309149314104918e-01
4.721179877982832895e-01
4.872734934615641222e-01
4.515228420696224543e-01
4.437269491948784839e-01
4.404398530566315251e-01
4.417488823951670196e-01
4.139977658549994222e-01
4.105943099372594829e-01
4.090816618930677717e-01
4.140268376191116872e-01
4.037583292465891649e-01
4.106234049727459090e-01
4.068127029169283371e-01
3.931116843160840091e-01
3.985804746864638481e-01
3.862757007164918654e-01
3.874392985114220589e-01
3.819705110499639900e-01
3.641970165237344292e-01
3.668150315669789774e-01
3.615498860825511751e-01
3.614626242474662798e-01
3.543939443602621142e-01
3.560229318214945260e-01
3.536085209392972328e-01
3.487797224462770296e-01
3.548884552423465233e-01
3.513395677810012274e-01
3.280390957223409676e-01
3.283881750608199646e-01
3.275446081116307195e-01
3.462489546935086371e-01
3.361259214984177457e-01
3.347877971243957695e-01
3.300171654309741465e-01
3.379876285186361184e-01
3.470052772611436076e-01
3.405474476730644962e-01
3.460162351345225651e-01
3.503214277099721552e-01
3.567210701360003511e-01
3.641388293616834582e-01
3.557029504274235587e-01
3.705675435518238636e-01
3.828431933970919965e-01
3.838322180701824737e-01
3.842976775506068421e-01
3.758327064897823422e-01
3.836867836176553470e-01
3.885446800550838020e-01
3.998312848648090667e-01
4.044273899791392402e-01
3.800797293567115820e-01
3.992786100920479586e-01
3.798470097977255655e-01
3.872938407875210487e-01
3.881083359725980841e-01
3.865084202754778819e-01
3.861884592438593056e-01
3.979695778445906384e-01
3.972132552769556679e-01
3.965733128512660688e-01
3.957879097927535228e-01
4.079472027674503898e-01
4.087616979525274807e-01
4.206882480968641147e-01
4.124850916305120019e-01
4.164412310477783596e-01
4.109142942402523313e-01
4.097216275901315874e-01
4.082380687635827066e-01
4.226372460413850285e-01
4.210082353087785667e-01
4.110306540197452563e-01
4.167030427333290876e-01
4.310440473936892336e-01
4.327021124368774507e-01
4.304622514051459348e-01
4.313349162987433760e-01
4.301422496486226321e-01
4.136777611895544049e-01
4.220554675063722949e-01
4.039037811526466903e-01
3.957588147572672632e-01
3.930535175164854844e-01
3.894173624022118640e-01
3.831922727355710490e-01
3.948279394302449119e-01
3.889228544290492806e-01
3.895627997636605389e-01
4.017221131008097412e-01
4.037874417356060452e-01
4.169066876192810689e-01
4.206882480968641147e-01
4.279896737233501169e-01
4.187102045685267004e-01
4.307531406726523016e-01
4.395671707095036296e-01
4.274369494989189722e-01
4.266224572227636513e-01
4.198737587296305640e-01
4.272624432822797469e-01
4.302586297905679480e-01
4.325275625864116180e-01
4.248480120376301183e-01
4.272624432822798024e-01
4.346801821455105741e-01
4.493411274750371276e-01
4.615295154852203097e-01
4.596969035004882520e-01
4.721761778692559752e-01
4.657765616235236550e-01
4.572824955272127845e-01
4.555953354485383078e-01
4.446578070683702699e-01
4.337202525079064674e-01
4.370364204102656358e-01
4.360473753747229342e-01
4.312767233188488092e-01
4.198446840565965288e-01
4.092562117435334934e-01
4.067254410818432753e-01
3.990167925886538014e-01
4.010530290968856160e-01
4.132414171070686870e-01
4.117578611894415208e-01
4.176920644974976837e-01
4.285714493494410804e-01
4.262152081757642486e-01
4.316839927283006584e-01
4.282514446839960076e-01
4.363091899691953213e-01
4.311894818462162493e-01
4.442505347499968171e-01
4.429706033558694078e-01
4.441632496435377053e-01
4.451813897145669441e-01
4.666492236081993261e-01
4.681618774702345775e-01
4.538499852988911454e-01
4.516101039047073495e-01
4.643802675409814396e-01
4.259825089792306230e-01
4.342438380630249117e-01
4.164412514102306950e-01
4.171975536154133302e-01
4.238590106359139131e-01
4.353492428780605938e-01
4.324403211137791136e-01
4.315967308932157631e-01
4.353492428780605938e-01
4.277278591288777299e-01
4.056200566292598730e-01
4.068999880233872823e-01
4.120778687638084192e-01
4.022747936914143896e-01
4.089362274405408115e-01
4.052418822552945055e-01
4.087035078815547950e-01
4.238590077269921430e-01
4.184483899740543134e-01
4.358728487956313180e-01
4.309276905231180232e-01
4.300550052670682466e-01
4.291532249755320994e-01
4.332547901185603290e-01
4.434651375093278669e-01
4.418361238677996350e-01
4.472758162937712778e-01
4.506210821405385869e-01
4.359891853037503040e-01
4.333129830984547293e-01
4.524245990897843850e-01
4.493411478374895185e-01
4.563225426182345168e-01
4.562934679452005926e-01
4.367164157448206185e-01
4.393344511505175021e-01
4.592314643825161635e-01
4.501847380580528690e-01
4.660965430175945667e-01
4.473048909668053685e-01
4.550426315865594984e-01
4.720307259631983943e-01
4.775577064045509190e-01
4.930040722461205838e-01
4.871862258086357422e-01
4.969601825741692402e-01
5.014399482714586576e-01
4.829682776147404266e-01
4.856445030914100514e-01
4.797975412559864483e-01
4.686854833878051352e-01
4.815720068035723167e-01
4.791285008858887640e-01
4.655147441201295533e-01
4.701399239074936509e-01
4.718852682392972731e-01
4.644675555563622105e-01
4.554498777246371866e-01
4.455304690530459411e-01
4.300259073226601614e-01
4.444250642380101479e-01
4.416034275801877240e-01
4.370073021034052707e-01
4.514937644876666489e-01
4.662710725056080086e-01
4.554207855980725306e-01
4.570206983862709627e-01
4.677255333877487486e-01
4.603950592685246423e-01
4.659801832381016418e-01
4.659801832381016418e-01
4.467522074672790056e-01
4.570497963306790479e-01
4.450650299350738526e-01
4.379963471389480278e-01
4.431160552619270998e-01
4.367746058157933042e-01
4.500392803341518033e-01
4.486429920694530726e-01
4.498065840465398924e-01
4.505338173965320325e-01
4.373273096777720581e-01
4.561771081657076121e-01
4.359601106307162133e-01
4.521628048577643333e-01
4.509992332431299045e-01
4.395671707095036296e-01
4.496320341960741707e-01
4.388108423240251188e-01
4.371527598273063919e-01
4.681036844903401217e-01
4.620822193471991191e-01
4.569043386067779822e-01
4.693836158844674755e-01
4.605404908121299434e-01
4.563807326892073135e-01
4.594351121773899149e-01
4.395380727650954888e-01
4.441341749705037256e-01
4.349419938310611911e-01
4.244116883175968469e-01
4.150158652011239346e-01
4.151322249806170261e-01
4.135904964455477395e-01
4.258079620376866159e-01
4.276405740224187291e-01
4.337784222164269288e-01
4.357855636891722617e-01
4.277278358575036243e-01
4.356692039096792812e-01
4.410216315916443697e-01
4.475667026523559300e-01
4.571370581657639431e-01
4.533554511454326863e-01
4.640602861469105278e-01
4.644093625764678102e-01
4.713325905576142838e-01
4.808738743069101429e-01
4.874480200406557384e-01
4.790412594132562596e-01
4.652238548526231310e-01
4.760741446690803236e-01
4.809902079061073032e-01
4.843063787173881862e-01
4.977165109596477510e-01
5.001891119128177854e-01
4.976292433067193155e-01
4.811647373941205785e-01
4.692672590138961541e-01
4.786921597123248162e-01
4.898624076514788150e-01
4.984437414007181211e-01
5.063560347798597983e-01
5.024871601065999949e-01
5.006254327239293422e-01
4.944585098568870518e-01
4.953893619125355197e-01
5.039706927528530001e-01
4.937312794158168483e-01
4.859935591585149983e-01
4.830846373942334071e-01
4.663292422141283033e-01
4.805538900039172945e-01
4.836373383472905019e-01
4.861681061000588944e-01
4.912005291165789100e-01
4.948657559949649065e-01
4.963493119125919062e-01
4.993746167277405834e-01
4.915786831280919977e-01
4.816011018390587428e-01
4.820665205945783849e-01
4.856735777644440311e-01
4.948075891953662708e-01
4.817465362915857585e-01
4.798266566539251543e-01
4.690927091634304880e-01
4.829101079062200763e-01
4.880298160291990928e-01
4.948948510304511661e-01
4.981528521332117543e-01
4.800593762129112818e-01
4.884952115133447403e-01
4.986473862866702134e-01
4.896006163283805335e-01
4.896006163283805335e-01
4.806993215475226511e-01
4.790703311773684692e-01
4.977456263575864015e-01
4.777613047477547448e-01
4.842482090088677804e-01
4.825610285677410793e-01
5.030980307681774955e-01
4.986473630152961078e-01
5.074323649218616117e-01
4.876225698911214601e-01
4.877970993791347909e-01
4.844518335323675373e-01
4.887279310723308678e-01
4.939930940102892354e-01
4.822119492292619714e-01
4.895424495287820643e-01
5.063269164729994332e-01
5.081595517291055408e-01
4.896297113638668486e-01
4.952148353334439590e-01
5.005672601064872218e-01
5.005963347795212570e-01
5.133374499230571875e-01
4.884079700407122360e-01
4.908514759583957332e-01
4.790994058504023934e-01
4.799139213979319307e-01
4.766850182395793722e-01
4.655147441201295533e-01
4.734270200457404987e-01
4.784303422089307145e-01
4.789539743067972033e-01
4.804666019885364681e-01
4.650493282735314593e-01
4.678709649313539387e-01
