4.294441287876473723e-01
4.244916807571927908e-01
4.180556957171025489e-01
4.431451328438827941e-01
4.402434790206293247e-01
4.507592442886549366e-01
4.697181462507424854e-01
4.584169699246695151e-01
4.676891755018474650e-01
4.456322740424914497e-01
4.446068769388908937e-01
4.398071451193698023e-01
4.475739596849274138e-01
4.442141550471822575e-01
4.502792721975485413e-01
4.372327471762892381e-01
4.359237541992757592e-01
4.309058576108161787e-01
4.135395794062162178e-01
4.100488754707696804e-01
4.121433144128916481e-01
4.025656916856860112e-01
3.993367841639509086e-01
3.947988771201283997e-01
4.211755164909858351e-01
4.294223075110326082e-01
4.227026960538509126e-01
4.351383278693891632e-01
4.479885050349420861e-01
4.564098182706978757e-01
4.672528263287486494e-01
4.598350911016699794e-01
4.585697210426640802e-01
4.446287134873449509e-01
4.448250591613598925e-01
4.308622303294259437e-01
4.786630763125255816e-01
4.843136502945684652e-01
4.786849019525228899e-01
4.938040228223762318e-01
5.079195700469349983e-01
5.053669781086299606e-01
5.204642777018684274e-01
5.226677903016944127e-01
5.103193934137146837e-01
5.014399097282453699e-01
5.032507004363626635e-01
4.972728880276772734e-01
5.028143687167944131e-01
4.797757301605978797e-01
5.012217427776155532e-01
4.824810055844665491e-01
4.761759525674474913e-01
4.993236822348784409e-01
5.033380204498828503e-01
5.176499438921351448e-01
5.273147884567515042e-01
5.176062664318444861e-01
5.169517546714985645e-01
5.089667709736196421e-01
5.077886554773942684e-01
5.061741755362310080e-01
5.012653875125363534e-01
5.000654660115355643e-01
5.071995879116706352e-01
4.960293239734469561e-01
5.026398617729246343e-01
5.037525308928363366e-01
4.958766230343527592e-01
4.941966945351843332e-01
4.882407034031137627e-01
4.862335342956116135e-01
4.828301198300067321e-01
4.769395423488799746e-01
4.718780010254995938e-01
5.128065367940146668e-01
4.979492232463293977e-01
5.192861927493215290e-01
4.892660852348751366e-01
4.864735552482260528e-01
4.845100134221140276e-01
4.819792449421151370e-01
4.786412572176020896e-01
4.875207605382932963e-01
4.963129547539210651e-01
4.918622870010397330e-01
4.994982219041179672e-01
4.900514962929224949e-01
4.981673705617373216e-01
4.824810404915276241e-01
4.804956948423315111e-01
4.640675569968603642e-01
4.612313517316118383e-01
4.354001351915572360e-01
4.376909198076942009e-01
4.360764725919005769e-01
4.339602145548551726e-01
4.336329739465213939e-01
4.357055719768067048e-01
4.343311151699489892e-01
4.537917952279184597e-01
4.471376476005811118e-01
4.524173362393694164e-01
4.410725304502148836e-01
4.413125186774594089e-01
4.493193214702616567e-01
4.410725304502148836e-01
4.624967392441483027e-01
4.656820063943453158e-01
4.737979002983820354e-01
4.837682470989875250e-01
4.573261438982858529e-01
4.491884396260908408e-01
4.392835588370209710e-01
4.402216882876930915e-01
4.162449050089851443e-01
4.079544539821782778e-01
4.131905197029590027e-01
4.138013867283841796e-01
4.063836362294663274e-01
4.028929475658590276e-01
4.009076019166629701e-01
4.015620984051696540e-01
3.944497999633405638e-01
3.857448210400495903e-01
3.899336989242934703e-01
3.842831096704112936e-01
3.683785930143499976e-01
3.662187076959143583e-01
3.636006824714436148e-01
3.607426559295804358e-01
3.554411460141773116e-01
3.572519541758252259e-01
3.540884908487124116e-01
3.512304795786884704e-01
3.552011599686241139e-01
3.501614573753889514e-01
3.302207812277085930e-01
3.309843884626716415e-01
3.292390463125594025e-01
3.433763973602024233e-01
3.346496320673577607e-01
3.394275251567334672e-01
3.272100559284424892e-01
3.395148102631926346e-01
3.472161762707453025e-01
3.418055577905770859e-01
3.490051478839392152e-01
3.522558635921411163e-01
3.583646058422063074e-01
3.686840145277602843e-01
3.623571053270653319e-01
3.716074874459371902e-01
3.808142248298883037e-01
3.845449017207400733e-01
3.779998604764764902e-01
3.835849859005143747e-01
3.894755437464191283e-01
3.897155167018244715e-01
3.953224590390944648e-01
4.066890708330245796e-01
3.778907693652419630e-01
3.987477340517578961e-01
3.832577103851194655e-01
3.823414043927534922e-01
3.879919761931050481e-01
3.866611444859462399e-01
3.840431214431668239e-01
3.963696796010011125e-01
3.971332693824336513e-01
4.032201925375754059e-01
3.953661212275458303e-01
4.056200617198729708e-01
4.098525319784460108e-01
4.201719210287780948e-01
4.101797725867797340e-01
4.149795065879922085e-01
4.142377380831743783e-01
4.096998157675125762e-01
4.066018009984047610e-01
4.220481973836529010e-01
4.190374349956343392e-01
4.124923784795314630e-01
4.149140558482959373e-01
4.275024235099894598e-01
4.331748187686471629e-01
4.280696676174070014e-01
4.334366108189758870e-01
4.322584975044418409e-01
4.115106239291604351e-01
4.177939036667738248e-01
4.076053920972297906e-01
3.979186782587896820e-01
3.935771190706734979e-01
3.911772586151412989e-01
3.870974914773537279e-01
3.935552977940587893e-01
3.845231131694952231e-01
3.949734015175285773e-01
4.053582543977050090e-01
4.062527543852955669e-01
4.157867520128022409e-01
4.186883709289945243e-01
4.207610060480322378e-01
4.226372453141545860e-01
4.304695258912479283e-01
4.373200191926003844e-01
4.264333685813200825e-01
4.276114840775454007e-01
4.206300783883437644e-01
4.274369771336757329e-01
4.303168096803144382e-01
4.301422525575442912e-01
4.224408865499915677e-01
4.263024889188407052e-01
4.343965615462627161e-01
4.491666052593281666e-01
4.560825602088335873e-01
4.597478038135195955e-01
4.666201336633260532e-01
4.671873799524349224e-01
4.671873799524349224e-01
4.478139653657026154e-01
4.447159855036559306e-01
4.338511539872991207e-01
4.383018064683412152e-01
4.381926979035761227e-01
4.355092110309524145e-01
4.148922345716810622e-01
4.118815070907236309e-01
4.067108921096392327e-01
3.997512924252130673e-01
4.075181069907708453e-01
4.138668352863892341e-01
4.092416453177988855e-01
4.122960153519858451e-01
4.306222442838726905e-01
4.285496288000568144e-01
4.333275349795805975e-01
4.249934610347659847e-01
4.329784730946320548e-01
4.316476413874732465e-01
4.404834803380218156e-01
4.429269658932529774e-01
4.452831968857036138e-01
4.487302713580686442e-01
4.627585465663163200e-01
4.663583437946887122e-01
4.553626151623217932e-01
4.516973737393271127e-01
4.582206242506544625e-01
4.280478463407922374e-01
4.362073697079106860e-01
4.140195733142358891e-01
4.141504682485546152e-01
4.297932081261264803e-01
4.347674621613565327e-01
4.317130899454783011e-01
4.294441287876473723e-01
4.351601665995345480e-01
4.277860390186242201e-01
4.061436632740609842e-01
4.068418023157972518e-01
4.092853053245590345e-01
4.010166777560582041e-01
4.054455242323247721e-01
4.026747653433900287e-01
4.104634033672537874e-01
4.169212227741067034e-01
4.200628473710741329e-01
4.329130092647877626e-01
4.317349112220930651e-01
4.279605786878638018e-01
4.288986906850052461e-01
4.331748013151165422e-01
4.454577518267824332e-01
4.442359915956362593e-01
4.453268394389330864e-01
4.487739160929893889e-01
4.353128675386288005e-01
4.355964808655721776e-01
4.431233268391072677e-01
4.491666205311674598e-01
4.540317660016324197e-01
4.574570366509131958e-01
4.301640738341591108e-01
4.465267587582427145e-01
4.630203407983363717e-01
4.502574661927730149e-01
4.600750771472231770e-01
4.597041765321293605e-01
4.600314324123023768e-01
4.726852333601617162e-01
4.736888288223694565e-01
4.949821405002928776e-01
4.881534335684940551e-01
4.982764791265024140e-01
5.017017519574744622e-01
4.806484110532650567e-01
4.908587264458932342e-01
4.820228700418140444e-01
4.722052765408944475e-01
4.794703108288789206e-01
4.763068496834574339e-01
4.660965321091380398e-01
4.710053244962151830e-01
4.724234238563024268e-01
4.698054182670535761e-01
4.553626151623218488e-01
4.485121065891300995e-01
4.331966378635705439e-01
4.443014423353325859e-01
4.391308426260875364e-01
4.407670936649653037e-01
4.540754238267012410e-01
4.637621245749934396e-01
4.600314345939936489e-01
4.570425087544290887e-01
4.701108528706118284e-01
4.593769359237956373e-01
4.628458164009360831e-01
4.591151264199363480e-01
4.484248345728191198e-01
4.524173362393694164e-01
4.516537311860975845e-01
4.421197488304301482e-01
4.437996424225374992e-01
4.412034428380641193e-01
4.486866266231477884e-01
4.513264731242332406e-01
4.509774265111240465e-01
4.529409530653967231e-01
4.395017279693420598e-01
4.535954321003728973e-01
4.397417118332039854e-01
4.518719112268753113e-01
4.509992325158995174e-01
4.441923512240981142e-01
4.513046671194577697e-01
4.410507091736001195e-01
4.433196703314310483e-01
4.661838019437578029e-01
4.615586119751675098e-01
4.551662542164675584e-01
4.648966106081371397e-01
4.597041743504380884e-01
4.545990253808892545e-01
4.542063231244025667e-01
4.415961320044028970e-01
4.419015840614916590e-01
4.323239591525947501e-01
4.215027723711588514e-01
4.163757868531560158e-01
4.162885170185362527e-01
4.156994669063431846e-01
4.260406815966726324e-01
4.212845748768505039e-01
4.320185267307278809e-01
4.344838139273518585e-01
4.299240703350752923e-01
4.374072890272201475e-01
4.407234707469576684e-01
4.478357866423172684e-01
4.540317812734716574e-01
4.548608174312179231e-01
4.607295758174212441e-01
4.670564806547335968e-01
4.732088523678802949e-01
4.792521482416318701e-01
4.850772422576923315e-01
4.787721717871427085e-01
4.738633466746957623e-01
4.820010640370386290e-01
4.800157162061512439e-01
4.825028443146118784e-01
4.976656099193859095e-01
5.013526726189954097e-01
4.967493017453285531e-01
4.792739346111853926e-01
4.726416082604626978e-01
4.856444689115793079e-01
4.936076444229912652e-01
4.997163888547477839e-01
5.013308687959112664e-01
5.044288639297971333e-01
4.963129547539210651e-01
4.936731104345268295e-01
4.992582162233428766e-01
5.038616023688489154e-01
4.887206624040723590e-01
4.853826943147812045e-01
4.823719493802930969e-01
4.683436741720454766e-01
4.810411329449735818e-01
4.792085013250196868e-01
4.811065771395959811e-01
4.912296248792957232e-01
4.967056591920991360e-01
4.957893531997329961e-01
5.060215073225065030e-01
4.876516380190815125e-01
4.840300544211555978e-01
4.806484110532649456e-01
4.754559922490964596e-01
4.960729687083678674e-01
4.812156551606825983e-01
4.768522877860995046e-01
4.799066447301384986e-01
4.845318346987287916e-01
4.860808333565173611e-01
4.949166723070659302e-01
4.930186117643288179e-01
4.837900661939110170e-01
4.863644314116216116e-01
4.943712669297937179e-01
4.914695978347009553e-01
4.883716005191238163e-01
4.854699466958704024e-01
4.762632224020671989e-01
4.941530999791639012e-01
4.792739498830246858e-01
4.902260337804705825e-01
4.889606484496255567e-01
5.000872872881503284e-01
4.965747620760890824e-01
5.052797584529106212e-01
4.846845530913536093e-01
4.835937074297479987e-01
4.858626685875789275e-01
4.957457106465035235e-01
4.935858405999071774e-01
4.845099959685834623e-01
4.896806305848898089e-01
4.996509402967428404e-01
5.075923119850707099e-01
4.888079475105313043e-01
4.927349831655461476e-01
4.984510166140506682e-01
4.970110937956573327e-01
5.097085722038072753e-01
4.900296902881469685e-01
4.909678350106583267e-01
4.793830257224198643e-01
4.794484895522642121e-01
4.728815943060160065e-01
4.723579905701367210e-01
4.723579949335192651e-01
4.778558308877155492e-01
4.768522725142602670e-01
4.777249512252360053e-01
4.684745843782033847e-01
4.735142695179079264e-01
