4.312069353768020474e-01
4.256567004330813475e-01
4.183262210777980994e-01
4.355179487047019515e-01
4.383104961448816006e-01
4.493760537350920958e-01
4.600576179442400493e-01
4.587311339115501818e-01
4.661488983732924862e-01
4.466009493533798502e-01
4.420281191038700763e-01
4.339471257159307482e-01
4.475783278672947896e-01
4.468627278772222544e-01
4.470896342469546925e-01
4.389562785219051078e-01
4.386246858757198441e-01
4.337202350543759022e-01
4.145387944685851589e-01
4.098088876798634539e-01
4.100183492457752932e-01
4.036827106617579264e-01
3.984990120778082456e-01
3.986910131317222827e-01
4.219216571052154530e-01
4.267737368626838834e-01
4.223405400939187482e-01
4.363906234886332780e-01
4.495156854704838167e-01
4.566192584560347933e-01
4.650493172196288327e-01
4.597958149854547427e-01
4.568461770432385438e-01
4.457981009092626401e-01
4.501440143169216368e-01
4.356575909122119006e-01
4.697966775389362803e-01
4.824504872135609301e-01
4.826948523499380306e-01
4.875294733407617431e-01
5.070425222809153976e-01
5.076359493022409852e-01
5.213893122048803841e-01
5.212671374907806854e-01
5.134653953561529871e-01
5.005497792320369177e-01
5.010559333643749280e-01
4.945283303788577944e-01
5.052098806251812402e-01
4.836547738425611698e-01
5.031503500532454876e-01
4.814207097101216304e-01
4.761672214387719926e-01
4.977397730252123287e-01
5.038136208679159234e-01
5.138843429229196236e-01
5.283009225342847337e-01
5.191029031888612089e-01
5.178811630292752266e-01
5.116502526101841530e-01
5.056287758313560143e-01
5.050004347674469374e-01
4.982284701362585944e-01
5.006196212800286816e-01
5.071995813665967079e-01
4.940745333475707324e-01
5.078104671545672355e-01
4.982808412001339948e-01
5.019286221111307622e-01
4.949646546806755754e-01
4.901998617750191189e-01
4.902871067383579029e-01
4.810018581377731306e-01
4.769875391216523708e-01
4.732001125124394858e-01
5.108822937737077519e-01
4.994327812002017919e-01
5.178288146549894222e-01
4.978619599567836174e-01
4.890130339126637082e-01
4.844227466418621342e-01
4.816301730213865540e-01
4.799197322600481930e-01
4.863600920275796824e-01
4.980190347506425752e-01
4.944585005483375650e-01
4.983681001262971755e-01
4.940745490557482134e-01
4.952439164061058219e-01
4.807225946669898553e-01
4.811589329316321439e-01
4.627978082833688056e-01
4.624312858864224052e-01
4.368618740505061382e-01
4.382232494361898989e-01
4.337551490969595025e-01
4.334933321753496882e-01
4.357972104301320870e-01
4.382057924148979877e-01
4.371585840704627079e-01
4.460773381997499842e-01
4.486081088614401469e-01
4.515752038249482014e-01
4.390959259654743652e-01
4.419059461351233509e-01
4.505977956400312179e-01
4.452221047289329769e-01
4.619774923458413451e-01
4.645431630872908224e-01
4.736888218409571749e-01
4.771620866449806653e-01
4.552229864812981086e-01
4.526398674453220861e-01
4.444890721525114330e-01
4.431451572788255855e-01
4.130029012305750369e-01
4.146609674373319399e-01
4.100881546413527312e-01
4.119207631353787313e-01
4.054455085241472356e-01
4.076970261871725176e-01
3.982895749468391977e-01
3.943101595011836435e-01
3.948512294214583940e-01
3.808883770272580849e-01
3.813945590852451106e-01
3.832097140486853126e-01
3.710271688987579197e-01
3.657212816378839770e-01
3.642900921298574124e-01
3.609041019601745837e-01
3.570992322924942952e-01
3.569247004773435927e-01
3.548128110590037521e-01
3.510777694764907197e-01
3.542543137884391902e-01
3.516711842803449395e-01
3.327690054199844982e-01
3.310236541067685390e-01
3.296273803866787699e-01
3.402565752773042962e-01
3.362248132027161884e-01
3.375861728802223571e-01
3.305873158421264169e-01
3.421241152674444619e-01
3.444628796391615011e-01
3.408499865904524029e-01
3.518631608993162407e-01
3.480932052742195526e-01
3.583035189214946459e-01
3.671524728912635149e-01
3.646740593306242451e-01
3.717253013954201490e-01
3.726154314552904134e-01
3.854263071970086552e-01
3.756698150159635263e-01
3.849376362662583206e-01
3.909590973369088118e-01
3.933153100031524518e-01
3.949035725596848900e-01
4.015533781849508488e-01
3.831748261863975880e-01
3.920586680184542372e-01
3.858102848698938825e-01
3.905052898335034661e-01
3.865957024730152236e-01
3.857753847901347344e-01
3.830177234668897812e-01
3.932629494113953905e-01
3.960206124799934280e-01
4.012043145546492218e-01
3.968584011469901141e-01
4.072257878427711364e-01
4.125665507484614913e-01
4.232481149576093893e-01
4.170521063636306036e-01
4.117986058748094313e-01
4.144689925637138339e-01
4.104721323142380141e-01
4.101230547211119348e-01
4.220438335646681804e-01
4.194083312473455005e-01
4.167903156223166095e-01
4.117462452830524811e-01
4.287983516466830070e-01
4.341914873616017911e-01
4.283620133820408293e-01
4.328650015835588394e-01
4.319225109319315692e-01
4.148006148809010862e-01
4.155336718922653105e-01
4.063880113932458182e-01
3.999650999202408186e-01
4.002443633910240939e-01
3.917445009772057563e-01
3.851645129649886590e-01
3.879047190122949518e-01
3.867353481712313412e-01
3.968409319082268905e-01
4.062832954457908374e-01
4.078366579225642385e-01
4.148704429660683424e-01
4.192512547081335694e-01
4.199494133850915634e-01
4.222881795021617424e-01
4.285540039638363607e-01
4.328999173714954685e-01
4.306658549844089023e-01
4.267737124277409810e-01
4.260232228300278590e-01
4.314687418262934671e-01
4.315560024978095655e-01
4.287983272117401046e-01
4.240684221683713728e-01
4.256392556292610263e-01
4.364604393563291107e-01
4.481892154006184015e-01
4.537917812650940630e-01
4.597958010226301795e-01
4.647176949024415249e-01
4.621520398691696951e-01
4.656776460660667638e-01
4.467929381898224639e-01
4.421154059556821059e-01
4.372807692566809123e-01
4.383628933890529322e-01
4.373680159653726696e-01
4.352212264672737918e-01
4.132646954625950886e-01
4.124269329758942781e-01
4.066672626465576701e-01
4.049044525666969929e-01
4.063530851331907945e-01
4.114320677696856055e-01
4.083078857948471696e-01
4.148180561940154054e-01
4.294441252969412592e-01
4.280478393593799558e-01
4.334409838010641058e-01
4.237018997714249724e-01
4.343834761980443493e-01
4.300026382756833021e-01
4.390959242201212254e-01
4.410507126643062326e-01
4.441225392834466379e-01
4.498822078674302172e-01
4.614538934096829581e-01
4.650667759862736617e-01
4.636704987754777241e-01
4.490793472058415281e-01
4.542979476149034967e-01
4.273322480960729530e-01
4.358146674514239427e-01
4.151671372778474867e-01
4.169124903364164192e-01
4.272275338939710565e-01
4.355354179434651196e-01
4.309625876939554567e-01
4.294615823182330594e-01
4.347325572818764305e-01
4.278209469524721920e-01
4.031416547043075727e-01
3.999302103126000096e-01
4.100881668588242102e-01
4.005236128989828615e-01
4.066323608214455487e-01
4.019024418152524203e-01
4.106466641293887720e-01
4.182215033849899788e-01
4.186752847080995599e-01
4.294092095090045191e-01
4.321319707524904352e-01
4.281002104232554117e-01
4.300375401007954790e-01
4.338423958056513152e-01
4.432498749716335951e-01
4.439480039775897668e-01
4.459900792735867481e-01
4.487128248088950722e-01
4.319923390170988253e-01
4.373680159653726696e-01
4.412427032461018195e-01
4.482764865442529501e-01
4.551007960590206514e-01
4.554498753974997594e-01
4.352735975311491923e-01
4.520988010157536152e-01
4.623963735891917781e-01
4.522035309260329927e-01
4.579108424089655682e-01
4.578584713450901122e-01
4.580155461389491256e-01
4.704773669771311617e-01
4.768479091316139007e-01
4.884719674830950709e-01
4.907060159073571848e-01
4.959071592951272978e-01
5.018937342488430930e-01
4.796928293810219790e-01
4.907060159073571848e-01
4.802862424395232255e-01
4.790470574761167555e-01
4.835326130912858678e-01
4.778078568045328600e-01
4.681734991944671576e-01
4.699188417809176954e-01
4.710009641679365755e-01
4.681735149026446940e-01
4.567065313450225372e-01
4.473514511685644512e-01
4.353434256163163374e-01
4.429007973785076269e-01
4.379963570292820796e-01
4.428135209988138810e-01
4.453617486817959548e-01
4.625534623458752992e-01
4.629025416843542962e-01
4.650144136491635161e-01
4.663758012523187557e-01
4.585217142341116991e-01
4.592547572826514712e-01
4.585566143138707917e-01
4.508246985190574319e-01
4.506676115077271061e-01
4.494982162317205932e-01
4.407365613312352326e-01
4.432149452208725693e-01
4.431626003372929890e-01
4.479797643068247903e-01
4.530936505137847514e-01
4.499520219897729656e-01
4.444541720727522849e-01
4.410856284522428616e-01
4.535299870330740113e-01
4.439305591737694456e-01
4.485382912483913964e-01
4.485208342270995407e-01
4.446461504370765039e-01
4.519417244765415731e-01
4.439829058027019992e-01
4.462693148187211745e-01
4.603892262986028494e-01
4.628676258964176671e-01
4.565843566309226165e-01
4.647875229876087255e-01
4.578584695997370835e-01
4.513832114977994747e-01
4.526747710157874027e-01
4.414521368863648654e-01
4.422550097654248669e-01
4.335806155364556602e-01
4.188672892527197655e-01
4.183262228231511282e-01
4.184134817493143643e-01
4.181516892626472304e-01
4.264246610149108330e-01
4.231259297713911849e-01
4.315385576939892442e-01
4.321843156360699600e-01
4.305436802703090926e-01
4.346103563874807452e-01
4.392879165472699521e-01
4.474736258826642055e-01
4.517846357198580520e-01
4.560258436521805736e-01
4.600750644934135103e-01
4.658172760561052894e-01
4.734444759034636130e-01
4.808273263226224836e-01
4.883497788061707534e-01
4.813160216883155540e-01
4.743520507671542541e-01
4.787852492812723071e-01
4.789423240751313204e-01
4.764988280477817639e-01
4.963958703689979046e-01
5.000785653225783278e-01
4.963958686236448758e-01
4.815428983870458923e-01
4.761323213590127890e-01
4.865346098799060437e-01
4.931669427757025548e-01
5.049655469051590462e-01
5.008290828459405208e-01
5.055764431652479685e-01
4.991535177294185166e-01
4.930796960670107976e-01
4.974256077293169875e-01
5.040404958212930664e-01
4.905838289757859516e-01
4.892573693780389310e-01
4.859062949962925648e-01
4.716816658236028803e-01
4.847892707841616189e-01
4.786630745671724974e-01
4.753818143077689906e-01
4.885766816851969674e-01
4.955755387232930742e-01
4.948424939294001623e-01
5.061698701865736671e-01
4.888384759172170746e-01
4.850859895308836656e-01
4.801466246669560123e-01
4.759752326023294344e-01
4.936207520244611513e-01
4.798324593710606156e-01
4.770748120106400592e-01
4.838816802122934968e-01
4.900951580450355616e-01
4.904965683042696867e-01
4.938127408609037650e-01
4.925037260669770101e-01
4.837944300128956820e-01
4.837245897102570025e-01
4.921372176328550618e-01
4.899380553255276993e-01
4.874247434304823656e-01
4.838991354882322682e-01
4.776856820904329948e-01
4.876167444843962917e-01
4.739157125025119655e-01
4.919626578920553439e-01
4.906711001194205002e-01
4.980539487932261755e-01
4.977048834175716863e-01
5.023824592855382631e-01
4.864648079750347742e-01
4.835151700328184643e-01
4.875643891286983722e-01
4.931494997172352623e-01
4.907932748335204209e-01
4.856270315255093450e-01
4.885592403720827592e-01
4.959420611202395301e-01
5.067807158314239224e-01
4.857666632609010660e-01
4.963609423635899631e-01
4.997120272174545019e-01
5.009512418518629051e-01
5.078628521812671437e-01
4.862204585468351548e-01
4.894144720975467377e-01
4.724670677185466294e-01
4.805655181277778132e-01
4.730953965649845605e-01
4.699363092743279458e-01
4.760101466449129792e-01
4.750327244971715990e-01
4.795357528418099369e-01
4.780173044076202471e-01
4.726765135762810432e-01
4.745614861527702177e-01
