4.317712691079944598e-01
4.246153041143311824e-01
4.212700484487901242e-01
4.353637802145777225e-01
4.396398748456191719e-01
4.477703271758556869e-01
4.596241848197638036e-01
4.626058238103088471e-01
4.650638670645093620e-01
4.448032371575147970e-01
4.409634502474369389e-01
4.367891431523103773e-01
4.499520068633797720e-01
4.475521449533865770e-01
4.495447621797630799e-01
4.418506597498557120e-01
4.362655474159657931e-01
4.333857105059443771e-01
4.128341709689909433e-01
4.141722706171779289e-01
4.114669951933092595e-01
4.046746556014075291e-01
4.011257695945231738e-01
3.976932506394363354e-01
4.224336215178854381e-01
4.282369291643923215e-01
4.245425985237546995e-01
4.336475149191906797e-01
4.448323220117749166e-01
4.603514050796079782e-01
4.625330978572800844e-01
4.598278107977244455e-01
4.543735941253836397e-01
4.500683899142470246e-01
4.499956625067572102e-01
4.371964125617620600e-01
4.705617262900796960e-01
4.823719515619844800e-01
4.829537417326842941e-01
4.904151202402228793e-01
5.032434666751653962e-01
5.088431497981725782e-01
5.214242262474639844e-01
5.181953216346507629e-01
5.118683978893469044e-01
5.016580752244143016e-01
5.007417692320482727e-01
4.906041972459794231e-01
5.054251332725415713e-01
4.871716564739792532e-01
4.998836416749678491e-01
4.811210933864302208e-01
4.787067072300679738e-01
4.987055327238164026e-01
5.008872458639408443e-01
5.127556757514271091e-01
5.283329168920934960e-01
5.196497825167913920e-01
5.182535131600842782e-01
5.140646469115273121e-01
5.036216177777564917e-01
5.025453079982072913e-01
5.028798281832559391e-01
5.003200075743668984e-01
5.064723581978306521e-01
4.994182141926827856e-01
5.069814296878062398e-01
5.029234707364854673e-01
4.992873185311335615e-01
4.954329957389997929e-01
4.918404977225643848e-01
4.919132018586800381e-01
4.822846911813603588e-01
4.744015030189313031e-01
4.731942975778326566e-01
5.076795650933902948e-01
5.001745527593874918e-01
5.173372042587963682e-01
4.999272958638843467e-01
4.892952013600442296e-01
4.870262351116002031e-01
4.803066127459619250e-01
4.798702788447022916e-01
4.841609471737828296e-01
5.010181415254899573e-01
4.958111468415910550e-01
5.003345434564229199e-01
4.925095497283491497e-01
4.927422445615001756e-01
4.847281738276698615e-01
4.810047583327721199e-01
4.601332330383651192e-01
4.620676689205341359e-01
4.374436563671171840e-01
4.409925467373841390e-01
4.310876710389273114e-01
4.344910949585278348e-01
4.369055043862641874e-01
4.357419313171688735e-01
4.380399824198730196e-01
4.464322275276688679e-01
4.453850244192927299e-01
4.484248432995843192e-01
4.424760910193242247e-01
4.435960331708770354e-01
4.439160043837218073e-01
4.438869078937746626e-01
4.610204570853927986e-01
4.637257543261746329e-01
4.722925391032098408e-01
4.790994291217764989e-01
4.579079238877595270e-01
4.498356689008000120e-01
4.452832107030820219e-01
4.421706673242225549e-01
4.156849230247521843e-01
4.138813828041323362e-01
4.094889196668324849e-01
4.116996914809212260e-01
4.082089868182443015e-01
4.053582536704745110e-01
3.973587188187003849e-01
3.944207020189325341e-01
3.900864158624573474e-01
3.818250547805237538e-01
3.855339576647394684e-01
3.828577321880698991e-01
3.694476217627234438e-01
3.650260490453285378e-01
3.607644786606560849e-01
3.611426297632474025e-01
3.570410500756104333e-01
3.568665234965188726e-01
3.562992721167968502e-01
3.527213114368785152e-01
3.523722451885473728e-01
3.525176767321525628e-01
3.310934723016018544e-01
3.301917051002136172e-01
3.304826045489462349e-01
3.408965386472306291e-01
3.375367369184071875e-01
3.389184587573710883e-01
3.297553624721887844e-01
3.439218303722313408e-01
3.421037411794074501e-01
3.390929969721498405e-01
3.508014012555395467e-01
3.451144650242126133e-01
3.591354679280495676e-01
3.670041187539616612e-01
3.668586624845214250e-01
3.712947841741204846e-01
3.730692249958713624e-01
3.832795272983515744e-01
3.774762531044449365e-01
3.843849422946135630e-01
3.894028265201556205e-01
3.963842227553616149e-01
3.914681362469605297e-01
3.982604787477841413e-01
3.849958144106517821e-01
3.879629058834536681e-01
3.886464908623727954e-01
3.909445419650769971e-01
3.871193142084294325e-01
3.877156373522636090e-01
3.843849204777003425e-01
3.954242829365313683e-01
3.963987702731048279e-01
4.026675054018967193e-01
3.919626834905668988e-01
4.064927433397705347e-01
4.174884530641458924e-01
4.221281847326358583e-01
4.187974576768464519e-01
4.169503098100581506e-01
4.134159582307690428e-01
4.100416089842025547e-01
4.101725061002125527e-01
4.226372474958459136e-01
4.167175786153851091e-01
4.176629927333854186e-01
4.132705237782420826e-01
4.238444602092489855e-01
4.315821819210116650e-01
4.297204734463324072e-01
4.315530752498382694e-01
4.326875547379080422e-01
4.187683859127341868e-01
4.176048230248650128e-01
4.095761916831436866e-01
3.999912784707662650e-01
3.998312994094179174e-01
3.976059742597425894e-01
3.864211671671582415e-01
3.892573629784110700e-01
3.854321454029896454e-01
3.967187545760975098e-01
4.030311191679710192e-01
4.063036546983269659e-01
4.127469294963584390e-01
4.219681940356003746e-01
4.197283344583296327e-01
4.243389725457942241e-01
4.276115095306109448e-01
4.321057791118170233e-01
4.304913260781799145e-01
4.269715234710947382e-01
4.281205592036731455e-01
4.323094138165429201e-01
4.313930961884897552e-01
4.286587024577606653e-01
4.251679934317011411e-01
4.246007667778142203e-01
4.384617760756939209e-01
4.482357561126016354e-01
4.526863904128826666e-01
4.622276625264913341e-01
4.639148298774702361e-01
4.625185619752238964e-01
4.638712105956148690e-01
4.551444540295356833e-01
4.415307118083850457e-01
4.402071465877933076e-01
4.360473870104100147e-01
4.381563407449052261e-01
4.337056831732500339e-01
4.127178228251849323e-01
4.116415246813225903e-01
4.098089010609034522e-01
4.040055948688574539e-01
4.033074478275863739e-01
4.067254396273825012e-01
4.092998310253889716e-01
4.157721863142980201e-01
4.286878076744732868e-01
4.290659616859863745e-01
4.328039334253925841e-01
4.248625581009124463e-01
4.325566678031241286e-01
4.300986260033845543e-01
4.386799466624759503e-01
4.432033112791684548e-01
4.444396132102141905e-01
4.487011821404258138e-01
4.612386378534009679e-01
4.641620984086603507e-01
4.600605289022496325e-01
4.493120644376902284e-01
4.505338043063840670e-01
4.295023014050895482e-01
4.355237709116131506e-01
4.158740014849696132e-01
4.165285146997764198e-01
4.259825104336915635e-01
4.371527714629934169e-01
4.307386033361353395e-01
4.292404999007650157e-01
4.340547726929553374e-01
4.270151762055505174e-01
4.057364164087528535e-01
3.998603929904433474e-01
4.088925950685375343e-01
3.994385891533963062e-01
4.100125241299423795e-01
4.003694412090446630e-01
4.146231622174068043e-01
4.173720918301919158e-01
4.199173983739383220e-01
4.275242346053779730e-01
4.321494216650465514e-01
4.283387414261421444e-01
4.298368230445991922e-01
4.337056831732501450e-01
4.450359465352746180e-01
4.420688434267856515e-01
4.474067250454683564e-01
4.528173093458058851e-01
4.336766099546769948e-01
4.322948532086517415e-01
4.415015949559854547e-01
4.507956087196302586e-01
4.560752871771924233e-01
4.527882143103195145e-01
4.360182803392365636e-01
4.537190678204288119e-01
4.643075415879526768e-01
4.596532813097111148e-01
4.566716437736269008e-01
4.564243766968976157e-01
4.611368154104249495e-01
4.671873799524348669e-01
4.724961650811704827e-01
4.884516024127155132e-01
4.906623771357259689e-01
4.946912279614124053e-01
5.023853376636240320e-01
4.826773796204688050e-01
4.919277624665710502e-01
4.791866705944091698e-01
4.796666572301243048e-01
4.809174935887654545e-01
4.750851010879983960e-01
4.692527085872312820e-01
4.699508469017370516e-01
4.780812759605995166e-01
4.736597366958048561e-01
4.555807762951081252e-01
4.464613225631552385e-01
4.354219673766285825e-01
4.432324179503417949e-01
4.373854779318316344e-01
4.432033200059337652e-01
4.473776271010603822e-01
4.583297059078932922e-01
4.623585698237275832e-01
4.635512248381612466e-01
4.625912864737918295e-01
4.569770791044155955e-01
4.557989570631162946e-01
4.528754877810916013e-01
4.505628993418703820e-01
4.521627946765382489e-01
4.478721292563794254e-01
4.407598271783981225e-01
4.412979689780249792e-01
4.438723720117185301e-01
4.495302233887851773e-01
4.521918897120245084e-01
4.495302233887851773e-01
4.459231778546066671e-01
4.427378954325704719e-01
4.463594972112574499e-01
4.469121996187753187e-01
4.421997507240219005e-01
4.484539252449228353e-01
4.429269724383269602e-01
4.535881707044187583e-01
4.450795658171300406e-01
4.477121371048830567e-01
4.580242691226437124e-01
4.617767825619494837e-01
4.564243650612105907e-01
4.623149359972633099e-01
4.564243752424367861e-01
4.512319513476550914e-01
4.521046264224786726e-01
4.409634400662107989e-01
4.436687489426796027e-01
4.362219150439624049e-01
4.214009557460263178e-01
4.166594118157864735e-01
4.217791083030785759e-01
4.215609478975226310e-01
4.299531842785530578e-01
4.250370977701520836e-01
4.309713127138951605e-01
4.315094443322957662e-01
4.324112144426057180e-01
4.365127941302426318e-01
4.408180070681446128e-01
4.464758584452112600e-01
4.510137691251860370e-01
4.545481090687881753e-01
4.600459712032802240e-01
4.634203291766120780e-01
4.737033690678081332e-01
4.777613178379027659e-01
4.885388540665742130e-01
4.828373819531912581e-01
4.750414687159951188e-01
4.744015015644704181e-01
4.794048397267303141e-01
4.824737652781951880e-01
4.932658737504449498e-01
4.978037844304197268e-01
4.944439827015963407e-01
4.854263077787930314e-01
4.773104378733607489e-01
4.845100032408878321e-01
4.952002878157006904e-01
5.018471842283102058e-01
5.018762923539444865e-01
5.059633216149165280e-01
4.999709282358877904e-01
4.893970019861069165e-01
4.996073013796655249e-01
5.017162754766131272e-01
4.917532126161054395e-01
4.921313738999228971e-01
4.854554159044272565e-01
4.735288308530294366e-01
4.828519294709344156e-01
4.786339885493435808e-01
4.756668854408546143e-01
4.875934632199479535e-01
4.977310570229301345e-01
4.940221774100884145e-01
5.060360606580932563e-01
4.899787790666589871e-01
4.875789375191181829e-01
4.825173991046594058e-01
4.790412390508039242e-01
4.954911858099723676e-01
4.831573531660360854e-01
4.770922643776571159e-01
4.836518771382682935e-01
4.912587220964733103e-01
4.884952333302579608e-01
4.911714355355534800e-01
4.898042495786454897e-01
4.850627143751710668e-01
4.831428056482929279e-01
4.904005843581667468e-01
4.882188813992686671e-01
4.890333765843457026e-01
4.838845937883326509e-01
4.813683720988464199e-01
4.857608483262942367e-01
4.725834254617944929e-01
4.915350507560886650e-01
4.882770612890151019e-01
4.960875191350327396e-01
4.990400732713176635e-01
5.025744379407547369e-01
4.859353792687685636e-01
4.835209916579453204e-01
4.867644336072756706e-01
4.908950850590249604e-01
4.931349548175217312e-01
4.870844048201205534e-01
4.873171243791066254e-01
4.951857402979575884e-01
5.046688427030460167e-01
4.890333882200327831e-01
4.980510180545487664e-01
4.993600444841625463e-01
5.004654507536591135e-01
5.082613727176207297e-01
4.881897979994693770e-01
4.883061694146493825e-01
4.741833324321492182e-01
4.786921698935509562e-01
4.775431341609727709e-01
4.711289645796538639e-01
4.776449566039487338e-01
4.735579011626809276e-01
4.811938324296069491e-01
4.737615475030937939e-01
4.756668868953154994e-01
4.737179049498642658e-01
