4.329099012896628906e-01
4.285589717373133878e-01
4.206550182368699597e-01
4.331342963456800144e-01
4.389188838339531107e-01
4.468602527172490513e-01
4.595888607438795015e-01
4.675052822985649170e-01
4.629050290617989227e-01
4.432199474027384012e-01
4.423971331169757049e-01
4.395796321147815711e-01
4.443170127546361980e-01
4.480570550229980853e-01
4.497650126456065323e-01
4.413873142244333914e-01
4.320746177029773927e-01
4.321120168789802096e-01
4.136486686474295515e-01
4.145712086669166574e-01
4.107813166218404199e-01
4.052834519939868541e-01
4.007829344643912273e-01
3.978532359341885316e-01
4.226247763249021405e-01
4.216025080783292189e-01
4.265019646965640399e-01
4.337576367237403474e-01
4.451647668889250342e-01
4.623564857890635205e-01
4.621570131280420268e-01
4.591525274659603584e-01
4.554748229754466693e-01
4.489172884316558476e-01
4.500143637569996580e-01
4.353783329268239854e-01
4.714447885011831541e-01
4.799346906837685944e-01
4.837869417002659822e-01
4.876890474802005881e-01
5.008165958421511021e-01
5.090322369851552065e-01
5.198160167988336022e-01
5.191801971464046206e-01
5.105780899557260666e-01
5.022502512847132339e-01
5.014648461483994790e-01
4.926258933009923235e-01
5.032351390554945514e-01
4.899330479076026146e-01
5.002555732950469958e-01
4.816301590585621573e-01
4.779150666121723678e-01
4.959794583015530445e-01
5.016892673847125339e-01
5.089699179075183322e-01
5.273335005115604712e-01
5.199282130801614610e-01
5.212122942589658692e-01
5.114507714717334563e-01
5.017141972597926047e-01
5.077481184059283725e-01
5.021505243043080657e-01
4.999937915298344748e-01
5.031728100044114971e-01
5.041078205715020522e-01
5.070001311458287585e-01
5.044942891125379081e-01
5.008913829740299084e-01
4.937104993254136098e-01
4.936855794237794415e-01
4.906935331422823121e-01
4.792490249946674830e-01
4.720182616489986271e-01
4.748856311281183240e-01
5.095932296119213278e-01
5.025494808464781027e-01
5.156271769383528047e-01
4.990837095911433430e-01
4.905439576318436634e-01
4.895590686143815873e-01
4.793113440723045238e-01
4.845100177854965717e-01
4.839240778301198698e-01
4.982608953053807022e-01
4.971762705807481475e-01
5.039956342636202624e-01
4.945083849827768274e-01
4.900203255339771191e-01
4.878386342107660090e-01
4.813185100631047209e-01
4.636904329514318635e-01
4.583172413859135097e-01
4.385074941446022723e-01
4.396669097411559646e-01
4.276364379512301306e-01
4.343809683750352590e-01
4.385573551414432836e-01
4.366374667770174800e-01
4.371236710252236479e-01
4.447159618167216832e-01
4.445414364843107147e-01
4.494034839530967607e-01
4.427960709589343069e-01
4.452645038427762714e-01
4.444167509551681383e-01
4.444292190094101813e-01
4.538042558020758954e-01
4.631792901013802033e-01
4.711580581606791829e-01
4.766683958294977153e-01
4.585541169629802072e-01
4.505878344114537248e-01
4.423098741908125242e-01
4.396419798660758382e-01
4.160921704095105755e-01
4.136112682247459205e-01
4.093850242015391605e-01
4.113049113192842610e-01
4.108810373688417394e-01
4.037250998021551518e-01
3.972298943094473844e-01
3.955094698792778751e-01
3.893384038765228539e-01
3.796018109643707339e-01
3.833668117814702514e-01
3.861967633843758074e-01
3.694912574592087995e-01
3.636941807231210411e-01
3.608766797209268518e-01
3.649907199827212012e-01
3.568249572900886180e-01
3.568498971386148688e-01
3.569620934199426721e-01
3.531223241711755612e-01
3.531347947187790104e-01
3.466645078810244862e-01
3.366162722068188340e-01
3.300587301829433495e-01
3.281139119434374751e-01
3.374515483134197247e-01
3.366536726295024651e-01
3.400446268326199895e-01
3.280016957152175339e-01
3.398327122976524395e-01
3.423884003676152532e-01
3.401942310167160310e-01
3.516636902329838832e-01
3.453554893470555665e-01
3.550671336839162362e-01
3.654519980958895742e-01
3.671225440756874514e-01
3.687307734712099161e-01
3.749891133602971105e-01
3.842893430741919358e-01
3.775572844446710152e-01
3.838904251791254718e-01
3.850747669107170146e-01
3.940882550639810411e-01
3.885903866960851993e-01
3.975415570183930547e-01
3.845386954322659312e-01
3.895129404290605390e-01
3.896999325690326255e-01
3.907720892394231926e-01
3.898869471492582561e-01
3.877551143295266400e-01
3.849500826282551413e-01
3.933776457863115694e-01
3.932405109031383295e-01
4.033885022314063762e-01
3.906100344546157288e-01
4.082131592509549156e-01
4.173014532363091833e-01
4.193584777305890965e-01
4.179871114453256875e-01
4.181865965731547674e-01
4.150449548343270179e-01
4.117537188848492957e-01
4.123770505361442629e-01
4.227494444005140961e-01
4.141972106734841952e-01
4.182115351750002596e-01
4.133120773100845691e-01
4.253176192249302767e-01
4.329348311647429060e-01
4.311520764368096947e-01
4.303915824753647423e-01
4.328101468822810327e-01
4.188598054281407745e-01
4.138232226534977465e-01
4.094722980878714447e-01
3.988879635082379638e-01
3.979030956843487843e-01
3.947240634962834172e-01
3.860970264305246258e-01
3.894007329276059082e-01
3.843018223485606955e-01
3.962824169347956560e-01
4.037001711737557841e-01
4.048471137293446209e-01
4.128882220598533714e-01
4.236844612010084998e-01
4.217645815633478401e-01
4.250932166888286012e-01
4.285091194672376314e-01
4.349793788780155213e-01
4.301547206117862787e-01
4.280602969415036041e-01
4.261902845340879153e-01
4.341565745656988939e-01
4.333711594559390146e-01
4.302793861940367726e-01
4.259284728485371874e-01
4.276613690729910711e-01
4.378841462864573875e-01
4.472342532040430307e-01
4.536421798236957015e-01
4.615461420509043289e-01
4.619949471231078464e-01
4.621071546245624773e-01
4.607482775871140079e-01
4.527819950355876366e-01
4.371735569556798873e-01
4.359642753755620936e-01
4.381833646280955397e-01
4.379340147633829505e-01
4.349045805260097763e-01
4.137234757262005513e-01
4.112301142139592747e-01
4.095096985105550202e-01
4.047099713660867737e-01
4.034882192383655308e-01
4.068916614426171807e-01
4.103325028228717031e-01
4.172515835127028061e-01
4.264022264960322106e-01
4.298305910952794351e-01
4.323364281418473065e-01
4.256791304639093165e-01
4.344807128089709924e-01
4.301796579669510123e-01
4.408637120469050541e-01
4.413997760452716412e-01
4.430080066874748090e-01
4.481318633484499547e-01
4.604740040807251966e-01
4.635657686158621282e-01
4.594392665332295844e-01
4.485058713153283749e-01
4.495904860665148606e-01
4.313016818675864394e-01
4.356775263348469096e-01
4.162791762629710068e-01
4.151322324607014669e-01
4.235348570169125137e-01
4.358396010665462894e-01
4.311645469844131440e-01
4.283345766812961530e-01
4.337950446265084747e-01
4.252428133928399800e-01
4.048471149760252685e-01
4.035256358678989130e-01
4.069290705920661222e-01
4.033635536561149260e-01
4.082630177544344652e-01
3.994115769058931842e-01
4.123396588402258867e-01
4.169149747218271473e-01
4.221510401309377380e-01
4.270878946784947283e-01
4.313266129893472689e-01
4.286462568437724441e-01
4.285589792173978840e-01
4.332464926270078176e-01
4.429706062647911780e-01
4.426340062006808296e-01
4.475210034914390844e-01
4.537543960519155872e-01
4.333836374836271266e-01
4.345679704884534145e-01
4.436188765179315818e-01
4.494284125814961284e-01
4.571204203799530963e-01
4.530313199666848312e-01
4.397042976970321204e-01
4.540909961160259356e-01
4.631543614729808356e-01
4.582673841291146632e-01
4.562103683616000604e-01
4.585665850172220837e-01
4.630670925733716414e-01
4.702729173171950050e-01
4.725917447702602248e-01
4.887362568219804637e-01
4.903320056964534102e-01
4.950943249381535294e-01
5.028611497888274551e-01
4.860808106045936272e-01
4.937603777757851864e-01
4.806328219337500651e-01
4.791617486149736815e-01
4.813309781173467639e-01
4.742622907500581575e-01
4.703726418042387114e-01
4.693752959526613644e-01
4.791866660232463881e-01
4.724670779413289168e-01
4.538790529074009372e-01
4.447035012425642475e-01
4.351788590191216222e-01
4.472591918058884675e-01
4.393302997035997137e-01
4.438308172331952295e-01
4.469849182994997117e-01
4.514978976499334773e-01
4.631793000748262723e-01
4.629922942213658965e-01
4.628426987640351653e-01
4.580305210188555520e-01
4.550384847108044917e-01
4.514231080246930428e-01
4.504756281566797971e-01
4.523456405640955968e-01
4.463490998937513221e-01
4.397167682446355697e-01
4.431825382532895152e-01
4.444167596819334487e-01
4.502387563196553755e-01
4.462369123391888293e-01
4.439554840621265375e-01
4.466483282088354323e-01
4.434443511855208908e-01
4.461122355368115078e-01
4.508371668226355822e-01
4.434194213104407090e-01
4.430329427959587840e-01
4.421103940497064788e-01
4.537793246803150105e-01
4.474711138209407912e-01
4.464987053245281223e-01
4.546395281686345102e-01
4.601997343143786057e-01
4.571578282827212236e-01
4.619326180720247921e-01
4.562103571414732883e-01
4.503260326993490659e-01
4.502636961681815153e-01
4.420605255727809157e-01
4.447159605700408136e-01
4.355777968610801687e-01
4.243576713026751546e-01
4.207048879604762814e-01
4.207921543667240138e-01
4.209043606214978306e-01
4.293817860230759176e-01
4.246069949870917015e-01
4.317629500073087434e-01
4.317255408578598574e-01
4.321369480007411501e-01
4.372608071550777575e-01
4.423348053125733537e-01
4.467231178340758113e-01
4.500517529595565169e-01
4.547392651224856364e-01
4.620198869716340417e-01
4.650243900872462754e-01
4.736389603454437824e-01
4.786880136676902597e-01
4.889606493846360147e-01
4.816675781814570567e-01
4.778901354904115384e-01
4.749853668352888580e-01
4.755588287629776145e-01
4.801092259896254655e-01
4.922893032103280442e-01
4.988094373314352903e-01
4.914664889245654034e-01
4.842481961265000523e-01
4.767930626584290232e-01
4.788376078783401213e-01
4.962038708111008445e-01
5.030356950681303951e-01
5.062147447097263830e-01
5.047685800724572847e-01
5.003802588241896832e-01
4.895216694383786593e-01
5.011282548110544965e-01
5.011905925889027502e-01
4.934362295590670189e-01
4.929126248881771089e-01
4.860060321994798538e-01
4.730405510891443344e-01
4.826898564014759918e-01
4.770922610531749819e-01
4.758954462806184726e-01
4.890105265883268326e-01
4.983980314352348118e-01
4.956428682108888206e-01
5.050054718563738998e-01
4.890229871624844904e-01
4.869535207942585209e-01
4.836248669685664914e-01
4.795731557578551407e-01
4.964781418241281385e-01
4.844725999092824864e-01
4.757707831917294405e-01
4.821537836763440388e-01
4.892349390978747437e-01
4.878261836100546422e-01
4.920150222238547366e-01
4.893221967773571102e-01
4.843354824796398117e-01
4.873150407600028156e-01
4.888609311309962679e-01
4.875893105263494620e-01
4.896463275405447679e-01
4.833256648337783123e-01
4.815304420516030026e-01
4.832009980048469489e-01
4.755463694355008819e-01
4.913792125448717130e-01
4.889980572874042530e-01
4.964906098783701816e-01
4.977372906344908476e-01
5.013651578150978283e-01
4.876017723471877119e-01
4.844850891570972595e-01
4.876017823206336144e-01
4.894967221097679677e-01
4.928876950130969270e-01
4.860184915269566419e-01
4.880755172679172582e-01
4.968022626138697828e-01
5.020508160241143880e-01
4.920524413467496916e-01
4.997818383477634074e-01
5.010035780086771195e-01
5.026616871012520305e-01
5.075860810746515295e-01
4.895839997361425278e-01
4.878760633071070330e-01
4.740628180890364973e-01
4.738508935806228228e-01
4.769177182672336146e-01
4.694999690149965210e-01
4.751599033878264877e-01
4.705471671366495134e-01
4.770922510797289129e-01
4.721429372046953010e-01
4.737760852551710089e-01
4.759577778250629332e-01
