4.311131204682125961e-01
4.279169284987146549e-01
4.169648435104229556e-01
4.318548889730304263e-01
4.396871520965931479e-01
4.467885671712563678e-01
4.591696632487882734e-01
4.653765783358609909e-01
4.619295038634960715e-01
4.426433591113835275e-01
4.413888767829261539e-01
4.385963140709072117e-01
4.427415221307800519e-01
4.489593391293948410e-01
4.505847068011067935e-01
4.425233562709959267e-01
4.320294264605786250e-01
4.294441200608820619e-01
4.140631896871694861e-01
4.150885856999244061e-01
4.105397691086400958e-01
4.046382918976626497e-01
4.017039159770980361e-01
3.973296303282879971e-01
4.193101627737206849e-01
4.214373259948451245e-01
4.261934054435257413e-01
4.347565427962838402e-01
4.486757345292166077e-01
4.604568545844088812e-01
4.665001406405494544e-01
4.595187360421933986e-01
4.574679494709119054e-01
4.511083247179797917e-01
4.468213001770241499e-01
4.367637097220947728e-01
4.683218583496591148e-01
4.797975590731323736e-01
4.810738484972107987e-01
4.881425305661062919e-01
5.020726187563528953e-01
5.059342309428127571e-01
5.213696970545316223e-01
5.177698867360114310e-01
5.101557731095478498e-01
5.047778941802214536e-01
5.010363022876795913e-01
4.925822647729213299e-01
5.032725380756624123e-01
4.863207954034660663e-01
5.000981815637728367e-01
4.820555932299709356e-01
4.783903605337415099e-01
4.983310170462000310e-01
5.028362063560940509e-01
5.058797017498803950e-01
5.260930445882902040e-01
5.207915335820414438e-01
5.205188232574857743e-01
5.148900476442986873e-01
5.042979449968738592e-01
5.082904193922828107e-01
5.017780773375714043e-01
4.979165076940922363e-01
5.025307706616901626e-01
5.053342429211707953e-01
5.044070361081083309e-01
5.021926030523641282e-01
5.015053735580896621e-01
4.942403381792594974e-01
4.927349820747004561e-01
4.898660514396038224e-01
4.789903376469268892e-01
4.717798380061030139e-01
4.748560216809850631e-01
5.058469523814277391e-01
5.005345307368715968e-01
5.135265222018158271e-01
5.004690909056318526e-01
4.887752232315287770e-01
4.872371264852823347e-01
4.793503025342630841e-01
4.853717825856280754e-01
4.830810088779476930e-01
4.967820183884114615e-01
4.969020037752684416e-01
5.041015993228588066e-01
4.919059382810345715e-01
4.900296815613816581e-01
4.872043869344405698e-01
4.803647977263215130e-01
4.634130441456686400e-01
4.602823225510890293e-01
4.455231894763309053e-01
4.377672779131609460e-01
4.250262005856078051e-01
4.361091815990637555e-01
4.380399816926426326e-01
4.381163408889550137e-01
4.354110403756362158e-01
4.446614235853537656e-01
4.429269822559379066e-01
4.481630370682619935e-01
4.438214658808435908e-01
4.455668265753320867e-01
4.445959575738182012e-01
4.460576940329066820e-01
4.517300892915643296e-01
4.615258789693997277e-01
4.718561961115698145e-01
4.748887557775985924e-01
4.595405496828884884e-01
4.497229441826666729e-01
4.425451862743760012e-01
4.465158644826202616e-01
4.171393809979712097e-01
4.127432653457810963e-01
4.088380476948441089e-01
4.100816084765375180e-01
4.105070317394897139e-01
4.030783815107210621e-01
3.974278009836041958e-01
3.952788350302411935e-01
3.885483183889804626e-01
3.829631776931032849e-01
3.848394507754411831e-01
3.873592933452933984e-01
3.687822080908353950e-01
3.637097659467585231e-01
3.635243167300572509e-01
3.648333271606013506e-01
3.546993698734399181e-01
3.547211922409003182e-01
3.568047030911842832e-01
3.523540593369075546e-01
3.523213361487507189e-01
3.477724944680161689e-01
3.379112638680954461e-01
3.293481199702633089e-01
3.298608196129092507e-01
3.373985674979864680e-01
3.379221679613287899e-01
3.409547090829813110e-01
3.267955367587236370e-01
3.403656676975536644e-01
3.411401572088369472e-01
3.406819965767343139e-01
3.507614083082785106e-01
3.472488852779085367e-01
3.552229725184735676e-01
3.662950679830724310e-01
3.687603715423813933e-01
3.693821612054161707e-01
3.739637162566966655e-01
3.830940900809526317e-01
3.775526093918355475e-01
3.894210080084128389e-01
3.863775464308419338e-01
3.944388871433418542e-01
3.874356503599144519e-01
3.973623458805252140e-01
3.856794073891057217e-01
3.903809412821691582e-01
3.884065029987434636e-01
3.896500757797390913e-01
3.894646341989574378e-01
3.873047477896761626e-01
3.844358258813448392e-01
3.933589433932784263e-01
3.932716735586586632e-01
4.003840014533205371e-01
3.930317126025555385e-01
4.104415995441695886e-01
4.165394224291621428e-01
4.196919653003565731e-01
4.184265712427461814e-01
4.201610300256926056e-01
4.163648751240029977e-01
4.103979559000944799e-01
4.135177679472124002e-01
4.212955040595340872e-01
4.158630861196643824e-01
4.215027734620044875e-01
4.158958256705062029e-01
4.232044970574918019e-01
4.333820739901238506e-01
4.310803874624448140e-01
4.292041241977179178e-01
4.322039508579789135e-01
4.153940323027849324e-01
4.145649939633473391e-01
4.096125524779666849e-01
4.003512597207874446e-01
3.977223271305463936e-01
3.944716103314987454e-01
3.858321072373542826e-01
3.866611532127115503e-01
3.847630915791288020e-01
3.961406052846008774e-01
4.046383006244279601e-01
4.045401190606551234e-01
4.113361006226058381e-01
4.228117838925484762e-01
4.220481952019615179e-01
4.255389067733277297e-01
4.280696599814873826e-01
4.362618989008429371e-01
4.307094977558075799e-01
4.274151394943760396e-01
4.258443271958923804e-01
4.323130430600590768e-01
4.357273867083475416e-01
4.283969016806666863e-01
4.251134540575426390e-01
4.292041340153288642e-01
4.412252488428396457e-01
4.469194653781120019e-01
4.541190347454065468e-01
4.608168358344300053e-01
4.594969136747329985e-01
4.598678066539072518e-01
4.586133319613694415e-01
4.530391248115586134e-01
4.371673171626604404e-01
4.372764093647406591e-01
4.350074471160640943e-01
4.371563988884334950e-01
4.313858253385399744e-01
4.162667022869954159e-01
4.143249981001830839e-01
4.099834378212212638e-01
4.057836765698115133e-01
4.040383158753230175e-01
4.066018097251700714e-01
4.082926237731956398e-01
4.170630218016588286e-01
4.273497062082103337e-01
4.296841093789722787e-01
4.318112606007944443e-01
4.267933563764152449e-01
4.347456310671308222e-01
4.306004131896470355e-01
4.406907366503442502e-01
4.411597926489150279e-01
4.431669628472628131e-01
4.472685348989801080e-01
4.606423038011101534e-01
4.641330077365566908e-01
4.600532547797627769e-01
4.491229768870922956e-01
4.484357463019720824e-01
4.392181037339419891e-01
4.344838313808825347e-01
4.195501510009651547e-01
4.180666085371012586e-01
4.247207648912039168e-01
4.354874159346335816e-01
4.332184536859570168e-01
4.290296019820089013e-01
4.341347607691686816e-01
4.280369367933304914e-01
4.043546774798735255e-01
4.033292803762729695e-01
4.083362586905055491e-01
4.039619577698562725e-01
4.063181953073808916e-01
3.969478267108064173e-01
4.125796461324599540e-01
4.179138803268654945e-01
4.236953666967576693e-01
4.221245456715086997e-01
4.317130823095586267e-01
4.290950592667792662e-01
4.286914420086025412e-01
4.325857533846148018e-01
4.412470701194544098e-01
4.422397440348980746e-01
4.476394355140739245e-01
4.526245903700004680e-01
4.320403381897316986e-01
4.310912915556781577e-01
4.420652054565041844e-01
4.485993676969846078e-01
4.567916120705685090e-01
4.538899680649259860e-01
4.412361583903013917e-01
4.503883534911721220e-01
4.616895156362514907e-01
4.580133712108690469e-01
4.566389111314743121e-01
4.564970968320829492e-01
4.628894436823263181e-01
4.713435073773804551e-01
4.726743401753848994e-01
4.873898383328331141e-01
4.918404897230295170e-01
4.960402422476740125e-01
5.031089254074150308e-01
4.882625006811240342e-01
4.917641305267171914e-01
4.761541236549130529e-01
4.805284267572536572e-01
4.788485211658441432e-01
4.790230608350836694e-01
4.704708166671023872e-01
4.693472489081856325e-01
4.788048698858493601e-01
4.732742998350396579e-01
4.518173591261840927e-01
4.480430429546397586e-01
4.338402335313808478e-01
4.461776979641398633e-01
4.416724988366349525e-01
4.421524731094326754e-01
4.477703293575470145e-01
4.522427878433645798e-01
4.623112976633667048e-01
4.643511801414147988e-01
4.616677009047107094e-01
4.628894600450112473e-01
4.543154120539457663e-01
4.516755590077863314e-01
4.497774897382839088e-01
4.530609220895687739e-01
4.456213546774188128e-01
4.416070513694755340e-01
4.420652032748129123e-01
4.439741842734683530e-01
4.493629640234911848e-01
4.468431127268736036e-01
4.446396001270477294e-01
4.467449409807118244e-01
4.449232232716021640e-01
4.461885976939906628e-01
4.515119310676998232e-01
4.428942579769353793e-01
4.429269724383269602e-01
4.381599758062649785e-01
4.530718316370304644e-01
4.474648783913038885e-01
4.470067253951208741e-01
4.552971502416318650e-01
4.603695934765543729e-01
4.570534204835821068e-01
4.638493922279218751e-01
4.562243832349902606e-01
4.507156180981103932e-01
4.470394660368083306e-01
4.422615489488279650e-01
4.450977542140763799e-01
4.364037197453082828e-01
4.257025281683403106e-01
4.205864511069535294e-01
4.200192146354556066e-01
4.185683877238288719e-01
4.290732303542448278e-01
4.250261929496881863e-01
4.322039595847442239e-01
4.320839654711218780e-01
4.309931198095162674e-01
4.362509958984551739e-01
4.419779432578040401e-01
4.460358825739028088e-01
4.489484383086983499e-01
4.542826714122583098e-01
4.618858689461861622e-01
4.643948150587245971e-01
4.737979090251473457e-01
4.780085754606361870e-01
4.856444776383445627e-01
4.806047837718747662e-01
4.778994821677103322e-01
4.745069510692713211e-01
4.801575315963881874e-01
4.803102499890129495e-01
4.898442476165196791e-01
4.969892812458078235e-01
4.914586948323132476e-01
4.865280669876277386e-01
4.805066043897932571e-01
4.804084239168661119e-01
4.974910615233810729e-01
5.019199178172586429e-01
5.072868926533516953e-01
5.034252815577373585e-01
5.043634088267181514e-01
4.887752232315287770e-01
5.006872393118855236e-01
5.030216566636409592e-01
4.948512095680673850e-01
4.935531086849850313e-01
4.863426352244570872e-01
4.715398606873150711e-01
4.829828284050205478e-01
4.779322140826324228e-01
4.764377511628501427e-01
4.891897336744823188e-01
4.992036968480214609e-01
4.969238337786484605e-01
5.044397843857154617e-01
4.883170538726608889e-01
4.889715852682288144e-01
4.824701298532202975e-01
4.796557469554322273e-01
4.940658148727049559e-01
4.843900105817264823e-01
4.787721630603773981e-01
4.822846882724386441e-01
4.878916415181652755e-01
4.863862690509213049e-01
4.919277584668036440e-01
4.893969965318787363e-01
4.839318652214631422e-01
4.868226007704895553e-01
4.881752548451087637e-01
4.883061508702731257e-01
4.883934130689732700e-01
4.820556095926558648e-01
4.790230521083184145e-01
4.829937368616366022e-01
4.772777001405951181e-01
4.920913787709705334e-01
4.886770351226820686e-01
4.978401474069342192e-01
4.972838139378240596e-01
5.005563694670169816e-01
4.878152670500136567e-01
4.839536886797691784e-01
4.871607694706612257e-01
4.880661560979546176e-01
4.918623022728790262e-01
4.844772815071919370e-01
4.870189540804242823e-01
4.939130812082409006e-01
5.038943451922277550e-01
4.938585607420737933e-01
5.001200039312332368e-01
5.017235459629477701e-01
5.027707676157000538e-01
5.045597610458071314e-01
4.896697090381257889e-01
4.869207910610276469e-01
4.760668625470585447e-01
4.749651138830652819e-01
4.770486170974296281e-01
4.712126004437595106e-01
4.754014456026335322e-01
4.709835075829830742e-01
4.766013725578626681e-01
4.734815626924360199e-01
4.787394289637639244e-01
4.763286622333069431e-01
