4.306852648618451629e-01
4.288720224175008311e-01
4.176241983830963345e-01
4.317130751584593584e-01
4.391017315915315411e-01
4.465582764407384220e-01
4.570110000411088391e-01
4.663777329702983865e-01
4.605211038182114858e-01
4.433778640385559466e-01
4.418846020186419921e-01
4.393053619328747272e-01
4.446480757554282515e-01
4.487884381576672244e-01
4.516197954623853428e-01
4.426797140883629855e-01
4.341371824465374285e-01
4.290756585766876130e-01
4.136971510923944662e-01
4.177017696301438821e-01
4.099252627796776682e-01
4.069581587015481672e-01
4.011209194523015498e-01
3.978144489254638594e-01
4.197671031131432473e-01
4.218227586134327134e-01
4.273690969594859390e-01
4.332742052320556758e-01
4.498647547247007217e-01
4.598811293943825262e-01
4.684721459745346261e-01
4.591539076800774666e-01
4.589987690645447316e-01
4.561965145524377596e-01
4.456662167960979137e-01
4.374242785847843873e-01
4.671146539994062152e-01
4.772764902715513902e-01
4.819113732522804505e-01
4.885146295357619128e-01
5.006933065954553008e-01
5.056675754177043514e-01
5.219769281701616137e-01
5.201248971933718490e-01
5.133567961920708633e-01
5.085764593660030419e-01
5.004508819038230305e-01
4.946136552599039171e-01
5.064917514944130561e-01
4.867401707756601748e-01
4.998691053080914770e-01
4.841512323447307864e-01
4.815138089754749662e-01
4.991127943761434760e-01
4.995976069130657060e-01
5.088092303159401641e-01
5.216666363944875151e-01
5.204157913090811105e-01
5.210266706974238105e-01
5.150148951726796209e-01
5.063172171581966641e-01
5.058226839743789061e-01
5.013623459959124506e-01
4.990255306017774561e-01
5.007223929041763055e-01
5.059487469472367938e-01
5.067050821201993793e-01
5.055318092514811124e-01
5.011199426363730502e-01
4.954087527850161710e-01
4.934306995602730783e-01
4.907738785310523655e-01
4.820374313769357211e-01
4.739603155817080360e-01
4.766947010704921106e-01
5.034470897442040460e-01
5.028459164581483565e-01
5.102733740289936426e-01
4.977359144374561284e-01
4.884758429425974935e-01
4.885631067169636244e-01
4.791091051652051624e-01
4.877098268780034052e-01
4.826967869768394315e-01
4.965820314715780337e-01
4.977843761044085102e-01
5.039222175109324686e-01
4.934016132515519626e-01
4.879134426747378517e-01
4.886309747706462092e-01
4.792254727018228078e-01
4.642735993191664523e-01
4.573309765869769117e-01
4.454141063646311904e-01
4.373757868589738251e-01
4.277375574740398534e-01
4.378702928928551730e-01
4.370654950832996710e-01
4.346316962375434967e-01
4.361443336156887174e-01
4.432130212600175478e-01
4.447547527040086046e-01
4.481969729131793367e-01
4.442505347499968726e-01
4.455983351674472903e-01
4.457825542738574898e-01
4.475376076168697259e-01
4.526476115768429676e-01
4.610737834391755996e-01
4.695096681912790948e-01
4.765104751765978364e-01
4.600750633298447689e-01
4.505822858509684892e-01
4.419621897495795149e-01
4.445802164285110880e-01
4.166545636128460850e-01
4.118063529152521385e-01
4.085968474168644726e-01
4.101870550724165954e-01
4.091980197332797387e-01
4.021778296326050106e-01
3.998119046583748504e-01
3.954097363884288008e-01
3.877107949671665943e-01
3.818541503008303639e-01
3.851897313774038101e-01
3.862660256427038474e-01
3.690840070270085538e-01
3.656223833400294443e-01
3.626455799470972297e-01
3.650793720053692737e-01
3.585633853140974825e-01
3.585827829740622641e-01
3.567986404134072531e-01
3.517177334282013956e-01
3.516886461498398009e-01
3.476452313225201762e-01
3.388796930114795214e-01
3.286111962746438575e-01
3.303662447694531434e-01
3.370567667665819167e-01
3.387730257593050132e-01
3.381039640571144034e-01
3.274185276852420445e-01
3.399656865915823278e-01
3.386566650101714426e-01
3.421667600605087789e-01
3.521540532696724735e-01
3.451920348167992758e-01
3.522801123639681675e-01
3.659229641652138598e-01
3.670477423991997390e-01
3.670089625935195055e-01
3.726522766340692461e-01
3.832407508864134615e-01
3.785380037305641765e-01
3.878756406546266522e-01
3.872744596114460758e-01
3.929274584221896793e-01
3.896597657617510979e-01
3.971647839135974967e-01
3.895531217809507507e-01
3.910075681184827512e-01
3.865084348200867881e-01
3.888549718307579561e-01
3.868866024065680254e-01
3.873423199080038848e-01
3.843849199928800475e-01
3.917541865231120579e-01
3.919965966701355331e-01
3.983186659098350013e-01
3.923359931777017917e-01
4.125239014950503602e-01
4.174690665550478408e-01
4.203488932838430059e-01
4.178859964936788018e-01
4.194277376340755925e-01
4.153358465951949019e-01
4.097313239960125308e-01
4.137650259335610703e-01
4.227051218521922227e-01
4.161697365313150043e-01
4.208240220202119630e-01
4.165188216876376526e-01
4.233838789906231859e-01
4.319942786861312167e-01
4.298416746412818124e-01
4.297253080743045905e-01
4.314027833827852043e-01
4.146667994376130872e-01
4.136874663222006587e-01
4.091010702190790993e-01
3.996858465337196353e-01
3.978338378586634416e-01
3.949540033727435007e-01
3.876332149933537918e-01
3.886222532414125297e-01
3.857327271978145955e-01
3.959139553120810673e-01
4.057558072812336714e-01
4.052806843627081990e-01
4.115348710041164537e-01
4.228796552187679136e-01
4.233935705483011791e-01
4.249159140287332992e-01
4.290077837355210644e-01
4.355237636393087253e-01
4.327796788357219926e-01
4.265254931639542724e-01
4.219875819991592558e-01
4.309179708458629743e-01
4.343601910550337619e-01
4.283678112509731184e-01
4.263800451364590516e-01
4.306755606988394991e-01
4.403913555129774782e-01
4.461219352671743632e-01
4.535105907306060113e-01
4.604047362815937294e-01
4.591345100201126850e-01
4.598811381211478366e-01
4.570885751667186914e-01
4.512804358011613393e-01
4.362703965885467716e-01
4.382290754246993547e-01
4.349032072378968827e-01
4.376957634048418977e-01
4.316258113840932276e-01
4.163442728068125209e-01
4.134741366660546480e-01
4.105846125617380049e-01
4.020614727620336892e-01
4.032832063280637480e-01
4.055812642182520800e-01
4.107203622440711022e-01
4.165769904265173573e-01
4.273690959898453490e-01
4.296671412747060104e-01
4.321203358411457862e-01
4.271848477942175037e-01
4.339917363583233323e-01
4.297544031097909611e-01
4.387720576701419350e-01
4.419427794842870627e-01
4.418846117150478370e-01
4.474794330601462589e-01
4.615101323698643232e-01
4.633524446390396845e-01
4.600459808996861799e-01
4.541796524327966766e-01
4.471982431074427167e-01
4.392762804723566172e-01
4.361443404031729587e-01
4.223172627080329367e-01
4.169842472306415360e-01
4.228311780375662021e-01
4.321009488472274396e-01
4.320718518724599444e-01
4.298610655137624081e-01
4.320330662489361706e-01
4.292114150465048406e-01
4.048540395950251392e-01
4.027014374894568594e-01
4.066575662406767822e-01
4.036225863517401424e-01
4.053291625135505005e-01
3.969999459832621036e-01
4.130184114074941792e-01
4.188265565908950716e-01
4.229184418119322775e-01
4.224142238579206010e-01
4.319651914077695665e-01
4.289690058691219554e-01
4.289011223011900964e-01
4.310246313105532412e-01
4.401974370917645651e-01
4.421270208924306666e-01
4.458601429744354361e-01
4.484684703385644067e-01
4.334196513202697720e-01
4.301519528419876504e-01
4.420591470209047080e-01
4.496126394450310482e-01
4.568946344437723184e-01
4.538208834759207000e-01
4.445899002290644164e-01
4.490696426549797282e-01
4.604726188798850539e-01
4.587175713547163580e-01
4.582812359989959505e-01
4.559347077150899263e-01
4.665813487670327220e-01
4.743869681065158161e-01
4.715362218685981710e-01
4.858093255074959482e-01
4.932852525024182810e-01
4.955154277943153995e-01
5.020798906971482012e-01
4.912102148564134740e-01
4.907641889126554968e-01
4.768886272488296330e-01
4.804956999329446088e-01
4.782364334841236464e-01
4.796909021233890513e-01
4.710998700289877328e-01
4.728743152141212103e-01
4.773346522229469646e-01
4.733591432652927700e-01
4.543638802659720755e-01
4.512901283284798670e-01
4.349904710122629581e-01
4.454625864547547276e-01
4.475570052768345075e-01
4.411670776798584104e-01
4.486527030199428667e-01
4.531227403132118692e-01
4.617719333893684497e-01
4.643511792929793103e-01
4.614422575286977191e-01
4.605695955440221590e-01
4.545384291467971516e-01
4.567007228100435912e-01
4.521821947606043945e-01
4.510767986723339673e-01
4.443668799848811135e-01
4.413997894817197620e-01
4.433099814402646222e-01
4.402556135877690457e-01
4.450456400322337913e-01
4.466552463173912857e-01
4.458213476545059284e-01
4.476927617466517906e-01
4.466164606938676229e-01
4.477121429227264859e-01
4.524536931556301100e-01
4.449971628510319688e-01
4.425730526540321286e-01
4.406337734171256737e-01
4.527930576650571193e-01
4.474018521166930329e-01
4.469170318226460825e-01
4.503204722261366366e-01
4.602883842592253583e-01
4.614810441218620274e-01
4.636724337902353166e-01
4.555274518806064488e-01
4.504271472354357542e-01
4.481678836955365619e-01
4.427281932088459881e-01
4.447741348497239455e-01
4.374727489785020795e-01
4.236165849746410528e-01
4.208143168875657647e-01
4.200676965436552779e-01
4.173623983332327980e-01
4.297640966067500790e-01
4.254298089958141182e-01
4.311797776832106965e-01
4.323530418251635421e-01
4.323142552319991783e-01
4.357370855383299046e-01
4.419815806220601662e-01
4.458892234653130116e-01
4.494090158911718813e-01
4.552947323216203213e-01
4.614228627776546521e-01
4.632554883373549703e-01
4.712356352255702152e-01
4.781006934981964496e-01
4.838506466713434762e-01
4.816980503836186811e-01
4.778097887164405866e-01
4.747942055178281939e-01
4.799720901368116355e-01
4.798848186053208398e-01
4.885243210934400171e-01
4.968535298666036937e-01
4.932173854183765083e-01
4.857608386298883918e-01
4.815720009857288320e-01
4.832203793194418395e-01
4.971153299164671746e-01
5.035634640683059882e-01
5.083341083670553928e-01
5.035149713728548360e-01
5.023320079160992213e-01
4.899303038247382891e-01
5.010035828568801808e-01
5.038543358822817897e-01
4.942354896127039154e-01
4.924998387778594111e-01
4.817271463887455862e-01
4.712938126912152303e-01
4.830749458365553584e-01
4.783527922939760368e-01
4.766656186403334106e-01
4.873607475395244082e-01
4.975419737145096999e-01
4.989188691674464882e-01
5.028750260382435222e-01
4.890479202235264444e-01
4.882819264606658716e-01
4.834531056659120973e-01
4.789927541124774368e-01
4.953602823912985897e-01
4.831428119509567076e-01
4.790994136075272247e-01
4.816592725172195721e-01
4.866238332979005987e-01
4.841124602961753287e-01
4.925483305036699733e-01
4.911132585547287044e-01
4.819307680033235730e-01
4.857511480418509886e-01
4.869922938124546241e-01
4.884273580042710616e-01
4.874867988766953819e-01
4.822507513366757759e-01
4.788570024908631595e-01
4.830167683709103987e-01
4.779358468410956906e-01
4.904829912028271788e-01
4.880104057639066961e-01
4.986182815547780534e-01
4.981819471686981804e-01
4.989673696200223607e-01
4.874674099434959107e-01
4.833076653955414859e-01
4.886891667808999085e-01
4.901145161436644693e-01
4.911423477723715347e-01
4.845003116832098944e-01
4.891836699058596527e-01
4.939639912176782555e-01
5.045912801827636684e-01
4.916174774783810264e-01
4.998400180297298268e-01
5.000048598386275245e-01
5.029913567285189124e-01
5.025259399122803394e-01
4.898527316080502625e-01
4.851499844522009774e-01
4.776061661322220098e-01
4.752499462906381589e-01
4.809708209121887901e-01
4.715168232389927994e-01
4.773443660823585288e-01
4.718949753112247070e-01
4.776255540957809465e-01
4.740863727367225500e-01
4.784691443163444635e-01
4.776837383489101474e-01
