4.329522884353709244e-01
4.269657213357437864e-01
4.207086253847150958e-01
4.265381054730117971e-01
4.372458360152137180e-01
4.488960851346918690e-01
4.571428687369881727e-01
4.614887943621187039e-01
4.636617650287727099e-01
4.447683295145591353e-01
4.428309797654588209e-01
4.405707431912294081e-01
4.427175204718569179e-01
4.504668924152855358e-01
4.522035178358850271e-01
4.413997981115209690e-01
4.343921924912187427e-01
4.337376859669320739e-01
4.139017449655901792e-01
4.129330731454078918e-01
4.110044641244249286e-01
4.091456596263428613e-01
4.010995890077524995e-01
3.967623918932679516e-01
4.228903228166619455e-01
4.218169341763481350e-01
4.286761673331412892e-01
4.382930591951499366e-01
4.518369945662620291e-01
4.616982419652060909e-01
4.675626230059385380e-01
4.610960942873232327e-01
4.600837991127951776e-01
4.496291377826734381e-01
4.470285582346996134e-01
4.387468597171431672e-01
4.692032644804349784e-01
4.794397636596478551e-01
4.820490717182675522e-01
4.913430645376756223e-01
5.037176203409587938e-01
5.132385169120696755e-01
5.192425218341050197e-01
5.226110610912317878e-01
5.123047408082639365e-01
5.043808353043315318e-01
5.005846941472971157e-01
5.003752465442096176e-01
5.028536574868193165e-01
4.891526246322584481e-01
5.011170329388963118e-01
4.823370436281366191e-01
4.797975531825658391e-01
5.016930107930188676e-01
5.040317969816492383e-01
5.096343855357147179e-01
5.241120717030132159e-01
5.211624014717654019e-01
5.210053327866421835e-01
5.002879937267821209e-01
5.058556673655874025e-01
5.013090165392797282e-01
5.029234672457794098e-01
5.007592390525957837e-01
5.016406440925261778e-01
5.064316286388559352e-01
5.099747084378988271e-01
5.046426461172054401e-01
5.019373445130410616e-01
4.965267535221834505e-01
4.898333323966603814e-01
4.882799690472106602e-01
4.737499100706836219e-01
4.752945370553987026e-01
4.746400296584353806e-01
5.015184763598385942e-01
5.070687069401765834e-01
5.098612683431806847e-01
4.966751190042802411e-01
4.865520730099335833e-01
4.829915580065121117e-01
4.771882521053583126e-01
4.828868350776449603e-01
4.804869737494360526e-01
4.975390740043309501e-01
4.981499309939760312e-01
5.008028824785017985e-01
4.941705295111450402e-01
4.880705223167997597e-01
4.829566509453407375e-01
4.819094286380810610e-01
4.699973966313778506e-01
4.562789215910261764e-01
4.454577369912814389e-01
4.363469931528751178e-01
4.332489958372979788e-01
4.352037895175421833e-01
4.385548638992883275e-01
4.359630146073135148e-01
4.379789017533431972e-01
4.483899327477068875e-01
4.490967981183976998e-01
4.441661818366761660e-01
4.442970772073331354e-01
4.454664602658682249e-01
4.450563014244280358e-01
4.492713229521362872e-01
4.557989477545666412e-01
4.625883624256344473e-01
4.706693627949859460e-01
4.735753782555328639e-01
4.514530221294361101e-01
4.444367080700482586e-01
4.402565918581583526e-01
4.388341256247184630e-01
4.123309298309076887e-01
4.087878587586301071e-01
4.105157617773194656e-01
4.093463857001967132e-01
4.103848602979268678e-01
3.993280556533050363e-01
3.999214765658949955e-01
3.941879926411726021e-01
3.912470640107186814e-01
3.850336106129194080e-01
3.860808207027077166e-01
3.828868280962327564e-01
3.664106952233421310e-01
3.636530347727736645e-01
3.618029587853375251e-01
3.650929458100338754e-01
3.584780559727046567e-01
3.582773447343518547e-01
3.578235494484177659e-01
3.529016608046656733e-01
3.527707584525964779e-01
3.502225438597624252e-01
3.380225294710718087e-01
3.319399670805468494e-01
3.296797383604062048e-01
3.362597220092405914e-01
3.374203748117767243e-01
3.399947609737240528e-01
3.336678631178240373e-01
3.351950540254840516e-01
3.414870430748596641e-01
3.405794586117273370e-01
3.498734662666364015e-01
3.527794668916822141e-01
3.505977816772067324e-01
3.591674730488689238e-01
3.679553309348225776e-01
3.677109832519759869e-01
3.779998465136520380e-01
3.802775270190252854e-01
3.806440555247073698e-01
3.848241839540686993e-01
3.849376284121695524e-01
3.984902931666041148e-01
3.932804003239514512e-01
3.929924161966110718e-01
3.904442094578657318e-01
3.941879926411726576e-01
3.897460656164086212e-01
3.856008582110431182e-01
3.847979914407188007e-01
3.832446219825332845e-01
3.909590851194374994e-01
3.989615332563585803e-01
3.935422137548550969e-01
3.946679673503085684e-01
4.002269255686158322e-01
4.073566832134281057e-01
4.133781399206959972e-01
4.220612748777825551e-01
4.203770030675277880e-01
4.177851659930243433e-01
4.126101819568960272e-01
4.084998746312898388e-01
4.136137617109262865e-01
4.169473904161756228e-01
4.165197806621792620e-01
4.168863030591256624e-01
4.195479752002085339e-01
4.281525666516298179e-01
4.329610099646045707e-01
4.300113589322404617e-01
4.305000560432866719e-01
4.307793072965985237e-01
4.148878807884764930e-01
4.113273649123785347e-01
4.072868673457323285e-01
4.024435038814383470e-01
3.982372047556402839e-01
3.922593775114539549e-01
3.907147365639143666e-01
3.880530775129794607e-01
3.868836935817678291e-01
3.956453606997245576e-01
4.047473830088971769e-01
4.068592645731482493e-01
4.103237851583483864e-01
4.240946129363683537e-01
4.242604240949619521e-01
4.253949131824735774e-01
4.286587146752321442e-01
4.298630004315560638e-01
4.322977688209361236e-01
4.296535598098807363e-01
4.259185051372197384e-01
4.270180801821478189e-01
4.320097846935956332e-01
4.309189381593136470e-01
4.275591343942449774e-01
4.316258105114166854e-01
4.440003575879346021e-01
4.503708918883285728e-01
4.538790541540816403e-01
4.586525965146207584e-01
4.660790755241845384e-01
4.563400098207526234e-01
4.566890882865551893e-01
4.509381595580124191e-01
4.396719020742437811e-01
4.382756205000652439e-01
4.405707501726415787e-01
4.357012072851455531e-01
4.373243803935554785e-01
4.193123438105364476e-01
4.079064615727885368e-01
4.060214828875636783e-01
3.987259079754221225e-01
4.035081718651949423e-01
4.045553871910424482e-01
4.115367924439057856e-01
4.173226404510913534e-01
4.248276655843500338e-01
4.273060704182238823e-01
4.330308258323004589e-01
4.288157973231799258e-01
4.302557144691757651e-01
4.291299608737222937e-01
4.418535811799836344e-01
4.428396960586332698e-01
4.452919293233938980e-01
4.477790539411484749e-01
4.615062522560869906e-01
4.603019612637039293e-01
4.544812105587297535e-01
4.445937828639071610e-01
4.376647355847712584e-01
4.328911940969087380e-01
4.282049202619746531e-01
4.178375257121048625e-01
4.185007616197141678e-01
4.247840291398561341e-01
4.311022133206113827e-01
4.321930520008046561e-01
4.341740312129864776e-01
4.324024987312155011e-01
4.289379711646031934e-01
4.059516748739566694e-01
4.041103256518134290e-01
4.002967274734873238e-01
4.001483689728028148e-01
4.035867153708601052e-01
4.038485139662627565e-01
4.181604107918809876e-01
4.234313831374947878e-01
4.244873208652524821e-01
4.215638562375025877e-01
4.263374047067773343e-01
4.284492688174977859e-01
4.286412576539403441e-01
4.300811695638770971e-01
4.421241074133556159e-01
4.420019405533445189e-01
4.400558753837463533e-01
4.464525899800187991e-01
4.297233748049000823e-01
4.350205213376566737e-01
4.421764741138485277e-01
4.496465817138172727e-01
4.545597401015705197e-01
4.503534479571847382e-01
4.461035167502754861e-01
4.491840640259730510e-01
4.563923669218035717e-01
4.579370078693431045e-01
4.577450251416362303e-01
4.547081082016967146e-01
4.700148492892869956e-01
4.719609205676209562e-01
4.720045578847912315e-01
4.863688126841368975e-01
4.928789769745692828e-01
4.946417809456942760e-01
4.978881393799856059e-01
4.874247434304823656e-01
4.842482017365633551e-01
4.754865285098708871e-01
4.804346096669728783e-01
4.733222933352750905e-01
4.765424723463643208e-01
4.755214355710423169e-01
4.709398768108867261e-01
4.762108517745301528e-01
4.703726501569996943e-01
4.529016686587544749e-01
4.517322838548663566e-01
4.382930705399448179e-01
4.413648901776731082e-01
4.452657481548388807e-01
4.493760598438279463e-01
4.513744829871536024e-01
4.598918015495872536e-01
4.638537538652151571e-01
4.620473134495964307e-01
4.611048280340283023e-01
4.553015291142866738e-01
4.530412995214695426e-01
4.504407199734957734e-01
4.512348582331742186e-01
4.491142490309538715e-01
4.488786220046644404e-01
4.381534326958174685e-01
4.371149450079394039e-01
4.428397143848403772e-01
4.448032234855824885e-01
4.512348591058508163e-01
4.445850613346735147e-01
4.468278531050825508e-01
4.441836310038792535e-01
4.467492947639163381e-01
4.524478716274673573e-01
4.450912154670115806e-01
4.440090852259039877e-01
4.419757471673181337e-01
4.438520025779563172e-01
4.475172422555979135e-01
4.468278269247867307e-01
4.631556100237581575e-01
4.622043960975442123e-01
4.620124063884249455e-01
4.614888013435308745e-01
4.559734856784531942e-01
4.514617497674054403e-01
4.490008028274999896e-01
4.459900644380858092e-01
4.412776103072732492e-01
4.397068038993561245e-01
4.263810359152119811e-01
4.214242192660518360e-01
4.170695651302754325e-01
4.184222093872836945e-01
4.295052004365197407e-01
4.251941757638249553e-01
4.321057852205527072e-01
4.317130764189920922e-01
4.359542852239911004e-01
4.380050750678095572e-01
4.388341221340124609e-01
4.466707591123399435e-01
4.508683297274920787e-01
4.546819209244059579e-01
4.588707717556774202e-01
4.649184201036188346e-01
4.777904067646533415e-01
4.789859631376547355e-01
4.859761038825762824e-01
4.835937004483358281e-01
4.816040040703028491e-01
4.733048424227189743e-01
4.804258863923863143e-01
4.802426182125009158e-01
4.936120304952273941e-01
4.979579552476813831e-01
4.902871276825944702e-01
4.860546412795057059e-01
4.815516347517805329e-01
4.845972679848945530e-01
4.942141729370511105e-01
5.070687078128530700e-01
5.046775758679666879e-01
5.039707026431872183e-01
4.978794108693397891e-01
4.956715322688378111e-01
5.023824173970649065e-01
5.011519539628921383e-01
4.871978475328683222e-01
4.883410581496137048e-01
4.769788114836829851e-01
4.757308840468062461e-01
4.789859692463904750e-01
4.761584990368618042e-01
4.823981362212456103e-01
4.903133062331199166e-01
4.971899876844396715e-01
5.000785653225783278e-01
5.027402322276020019e-01
4.886814002506815191e-01
4.801291737544000071e-01
4.833493588742248659e-01
4.812200202886821043e-01
4.926869881381267247e-01
4.845623722685180601e-01
4.814120091251245515e-01
4.812549273498533675e-01
4.823195996969927291e-01
4.851034334620275001e-01
4.920062943365491881e-01
4.880879784654149622e-01
4.871105851159991396e-01
4.875032869361475285e-01
4.827559318528991672e-01
4.879745331346376780e-01
4.870058621871319327e-01
4.811240232524312543e-01
4.775984153101811569e-01
4.835587977505470536e-01
4.741338825075095964e-01
4.873025678437058472e-01
4.890653787962432331e-01
4.939261931730934418e-01
5.003927306184737800e-01
5.045117708181087179e-01
4.868051439673669600e-01
4.860808337928556599e-01
4.935073189111551240e-01
4.883846867400187253e-01
4.907758178122286208e-01
4.865607954118437162e-01
4.895628122720240283e-01
4.971725385172366396e-01
5.069901747793063018e-01
4.941705356198807797e-01
4.979230403324214072e-01
5.021642543734795572e-01
5.074526924671504124e-01
5.055066211888165073e-01
4.848416287578890538e-01
4.871978527689275751e-01
4.806789573498194690e-01
4.742560572216094061e-01
4.793001266881969924e-01
4.728161392029370802e-01
4.761497696535393898e-01
4.741600619307115849e-01
4.746051278333231482e-01
4.760450397432599567e-01
4.752509075923171400e-01
4.789859692463903640e-01
