4.320383565198356868e-01
4.279923068264416819e-01
4.233115801201989270e-01
4.262548800507856006e-01
4.368301273477184221e-01
4.485478073892720241e-01
4.587105143105162375e-01
4.613523394072963635e-01
4.633198322763946719e-01
4.439384910100784287e-01
4.435735479989814656e-01
4.433752060774056591e-01
4.431610004832121086e-01
4.501900140487910540e-01
4.528794444435857991e-01
4.432562166326377007e-01
4.353069164797057078e-01
4.312846726086883575e-01
4.157986269586744776e-01
4.125617879973015323e-01
4.109671794957165947e-01
4.084681449060272862e-01
4.024308163547159478e-01
3.977739010242459239e-01
4.222405743628154795e-01
4.236606642187317195e-01
4.298645962395911124e-01
4.367587360608845004e-01
4.515466349340746532e-01
4.597021921847030956e-01
4.680798852791493436e-01
4.609953393393004251e-01
4.611143478242836213e-01
4.498409600972655409e-01
4.477624008929428912e-01
4.417171301918727533e-01
4.685320951498322395e-01
4.791946180331165817e-01
4.834310754317505121e-01
4.897301974217396769e-01
5.025982126905578218e-01
5.131417310555705935e-01
5.197740607779980371e-01
5.208133502969380935e-01
5.118406330244490432e-01
5.060254315901903110e-01
5.003530397032374122e-01
4.994406944723008279e-01
5.020507969838990947e-01
4.892383109159815779e-01
5.009083880395472921e-01
4.817491762703106084e-01
4.818761086581795916e-01
5.017810701222278347e-01
5.046529771792961361e-01
5.106982597805008739e-01
5.258114083695244467e-01
5.210672071392530302e-01
5.213766161893954587e-01
5.020904728256319061e-01
5.052479656569354161e-01
5.020031980326227217e-01
5.020745909061411494e-01
5.005117168898726154e-01
5.002261128687645053e-01
5.071123168870375064e-01
5.105871744050611838e-01
5.054859691400824806e-01
5.021935922510436523e-01
4.967512704242443289e-01
4.911899448725157158e-01
4.899364624528590451e-01
4.734190884738790905e-01
4.739268140586436195e-01
4.738474806220509539e-01
5.032963618474084466e-01
5.079532835246169942e-01
5.088576929525331360e-01
4.967988804823129656e-01
4.862791663529923425e-01
4.836373412562121610e-01
4.771874588423932195e-01
4.824869917487862869e-01
4.787582781817896760e-01
4.980523692487081044e-01
4.998453053917074618e-01
4.983300319133998624e-01
4.933716369890692732e-01
4.883656486668584984e-01
4.849384162804069587e-01
4.819633771044502524e-01
4.700077126199647126e-01
4.571555641971334905e-01
4.444858924365756025e-01
4.368618737331690927e-01
4.308404088544755539e-01
4.343787147162321838e-01
4.388690289571811065e-01
4.365207373377911759e-01
4.392498364342380390e-01
4.490158777592036521e-01
4.472943257629575231e-01
4.415346662230761887e-01
4.452237023616552603e-01
4.464533789589354984e-01
4.456045026986315549e-01
4.494284054414155460e-01
4.541091273876045054e-01
4.623202122524489033e-01
4.732207528990416967e-01
4.738633585748303068e-01
4.535696609707852156e-01
4.463581810563827523e-01
4.399876487393445945e-01
4.385596302204886054e-01
4.143230142485958001e-01
4.117605098949316811e-01
4.100944989997206136e-01
4.096898991871062434e-01
4.095232925441890104e-01
3.992574463639755877e-01
3.992653821669959746e-01
3.945846618074915768e-01
3.888884585447660580e-01
3.846678830656227177e-01
3.871589715388417674e-01
3.827717957635197177e-01
3.664686075451757952e-01
3.629303016834193318e-01
3.625256963174087743e-01
3.649691850460092257e-01
3.611690746387827833e-01
3.580433107393994896e-01
3.581623073242480859e-01
3.514347677991334629e-01
3.522439809111814757e-01
3.509032300452539221e-01
3.388365000188862663e-01
3.318709443171476980e-01
3.298161909352016474e-01
3.369721432353880441e-01
3.388285594558120839e-01
3.383842774547264343e-01
3.325770189635688379e-01
3.358614616362718408e-01
3.407563748964930195e-01
3.394394235062036524e-01
3.500702126975139272e-01
3.517044899007509273e-01
3.517520936120810404e-01
3.593364578939968745e-01
3.696419775359162108e-01
3.681504963931659935e-01
3.757586522172969845e-01
3.810661090265759499e-01
3.796539660804721938e-01
3.846282254707628079e-01
3.844774880538595618e-01
3.967504934247964021e-01
3.915540870838957743e-01
3.919031608689787505e-01
3.925378370884853307e-01
3.917603656018343039e-01
3.888011956518914181e-01
3.863180358416120064e-01
3.867702417455834984e-01
3.836444651527235461e-01
3.903244112799578724e-01
3.984799748773246164e-01
3.923395078603862385e-01
3.945291341932755103e-01
3.986148541750061391e-01
4.083729533502129527e-01
4.134027355946658377e-01
4.215582983986903565e-01
4.202175427727088408e-01
4.164650432168933158e-01
4.137200685476941087e-01
4.093804837902254579e-01
4.131171276068462128e-01
4.157034290561217316e-01
4.190672043720751194e-01
4.194004065511173218e-01
4.166237140567901065e-01
4.290712571136108267e-01
4.322366857479346680e-01
4.290950510358529368e-01
4.305071931886143011e-01
4.311260009754492861e-01
4.152353666196131332e-01
4.123793351352971204e-01
4.089441605990868922e-01
4.020896720259150015e-01
3.979563610263309181e-01
3.929186437721999270e-01
3.909194180044699984e-01
3.885869956110939438e-01
3.864846432778715757e-01
3.943863262326541830e-01
4.034304347919769884e-01
4.075716823879237949e-01
4.105149815251681877e-01
4.234226520088192891e-01
4.240097300703917216e-01
4.261914277403411888e-01
4.279526420915010232e-01
4.307610635177485658e-01
4.324905505236726899e-01
4.287221746017625401e-01
4.256916070182473755e-01
4.258899489398231819e-01
4.332124896360537991e-01
4.311577346674232425e-01
4.271354892097212197e-01
4.326095526619173626e-01
4.449539572531111542e-01
4.502138143177715213e-01
4.532681797902401999e-01
4.573776936942129945e-01
4.634546980872571442e-01
4.543391982411005281e-01
4.565447009400843692e-01
4.498171669683657670e-01
4.399479863844308891e-01
4.390197774808766717e-01
4.380439569325691451e-01
4.357829210659732166e-01
4.363065246035169875e-01
4.197812084747782335e-01
4.071432656461404509e-01
4.058659893042415590e-01
4.000507902500096691e-01
4.032717576053418407e-01
4.058580550879059001e-01
4.099437631695019291e-01
4.171473104542531840e-01
4.248189368357014328e-01
4.267784994551753197e-01
4.324270926598323683e-01
4.293409919087050608e-01
4.305072058820911263e-01
4.290395178682407384e-01
4.407016480819939130e-01
4.425342608600683070e-01
4.454617026714331463e-01
4.488016705783254290e-01
4.605590034546852007e-01
4.603606686731900322e-01
4.583376489832181044e-01
4.455251692620388337e-01
4.376314157635381452e-01
4.327047608779199805e-01
4.301343286546584488e-01
4.202572194077839884e-01
4.181469320648835142e-01
4.238589934468307008e-01
4.309276773007464367e-01
4.313560765889989934e-01
4.331569667818915281e-01
4.324588279384908862e-01
4.287539138471326283e-01
4.056200555714701284e-01
4.036922329907085549e-01
4.005347282592706670e-01
4.000031857453372197e-01
4.012090684203754032e-01
4.019706762344086304e-01
4.187736661346312395e-01
4.235654591760983356e-01
4.247634020814045619e-01
4.212489020420246422e-01
4.257550926490683008e-01
4.287935785820731760e-01
4.307848685467826622e-01
4.300391251987096819e-01
4.427643356802757335e-01
4.409634518341214449e-01
4.407968570913388118e-01
4.458187098795097225e-01
4.276352988250229359e-01
4.347119105485358626e-01
4.423994006026019110e-01
4.501582859102131184e-01
4.545057913971985997e-01
4.513165656672634696e-01
4.466437850774909180e-01
4.503328220094122702e-01
4.580282399330756760e-01
4.572825021383986055e-01
4.589881896686845986e-01
4.551563447761419190e-01
4.681274905771640737e-01
4.722370036877945876e-01
4.700711839706241957e-01
4.835262685742495736e-01
4.939666476802928585e-01
4.938952444933245034e-01
4.985680369832315995e-01
4.880324464878164070e-01
4.841688671099573238e-01
4.756959713529045342e-01
4.771953938520711591e-01
4.742758926037805023e-01
4.765924513245387573e-01
4.741330854365015113e-01
4.697379619580245858e-01
4.775206610214354219e-01
4.699363102263385827e-01
4.525700536403162721e-01
4.522527143405496997e-01
4.379725592989968663e-01
4.418282044605201242e-01
4.441923541991317226e-01
4.471118594141341163e-01
4.495394852634589378e-01
4.599163977788966462e-01
4.647637200212644260e-01
4.609477395946818268e-01
4.595197266292218585e-01
4.542440003385476155e-01
4.521337129956472523e-01
4.513483049126335578e-01
4.511658393571523207e-01
4.478496637858176421e-01
4.480479922205743426e-01
4.381946880027340341e-01
4.386944912712973377e-01
4.432562158392954199e-01
4.437560135544627027e-01
4.512213733181068553e-01
4.457393756495747761e-01
4.476910088127666887e-01
4.451919670829967424e-01
4.479686643373776422e-01
4.531333187394314677e-01
4.448270304186381918e-01
4.451284925589680808e-01
4.423279886888681900e-01
4.437004732467697554e-01
4.474609149523441354e-01
4.478496510923408169e-01
4.616141439527662871e-01
4.627406947778963664e-01
4.620346209248174518e-01
4.613206112687183724e-01
4.556164841031070112e-01
4.511578980007357464e-01
4.485160673505597106e-01
4.455251637086428129e-01
4.422565974020343793e-01
4.389801024324861967e-01
4.270799679422436212e-01
4.210188208750789141e-01
4.172821794384848904e-01
4.162349668100012168e-01
4.299597870020631651e-01
4.254615314046976682e-01
4.312688081427282216e-01
4.318320803819241660e-01
4.352275846297976591e-01
4.372030061618356611e-01
4.383533564626039825e-01
4.466120521788592423e-01
4.499916848206920172e-01
4.536410570176728774e-01
4.602337362853210490e-01
4.646129826043612354e-01
4.757118469256568227e-01
4.784647399443459070e-01
4.838356649309151769e-01
4.827805236394918098e-01
4.811938438008465102e-01
4.736491513939520837e-01
4.778856024458476015e-01
4.792342819747149596e-01
4.934033833745199993e-01
4.969099484042219239e-01
4.905870094850639518e-01
4.865409589983277772e-01
4.817809115489690708e-01
4.844703363903677951e-01
4.926655686893866570e-01
5.093575033611771330e-01
5.021063491917264754e-01
5.040976399497784088e-01
4.990281707568005598e-01
4.954819227452851860e-01
5.020587375469733882e-01
5.008687304446873823e-01
4.897064003261283327e-01
4.893890626130463772e-01
4.781870717262580173e-01
4.779411379934866977e-01
4.794246888866126599e-01
4.780601393383891451e-01
4.819316521392416064e-01
4.902776051949753744e-01
4.969892739073915044e-01
4.991551134581193594e-01
5.040183065131855766e-01
4.882149183900359457e-01
4.810907069219043097e-01
4.827170610155975816e-01
4.779094035081704051e-01
4.910233501297330827e-01
4.824631859264096878e-01
4.815746465178497027e-01
4.808368381794546065e-01
4.836611399385081222e-01
4.833596658980438554e-01
4.922768254093092821e-01
4.889051206370738090e-01
4.863267645109264348e-01
4.869772988496545718e-01
4.823679888171991670e-01
4.872708378804407880e-01
4.863664284525246462e-01
4.825742522616340846e-01
4.775603344831412245e-01
4.829788639743829992e-01
4.756325071423258555e-01
4.883577120704957752e-01
4.877230421977277186e-01
4.949186624062238971e-01
5.008925362670639814e-01
5.046212482473758643e-01
4.870328336039513872e-01
4.866758375026671302e-01
4.934271876102119814e-01
4.909678106153826382e-01
4.920546848054376810e-01
4.872708386737830688e-01
4.889923962234252741e-01
4.969178778605038982e-01
5.066760071827182133e-01
4.956247378459872066e-01
4.977191543761893544e-01
5.015748035044240716e-01
5.058747362204288889e-01
5.056208666846370159e-01
4.842006079420119735e-01
4.875723127142474467e-01
4.809082358130268853e-01
4.745535616152105063e-01
4.791073448267920143e-01
4.725702058668367900e-01
4.764020499660371888e-01
4.745773610908486373e-01
4.756245713393054131e-01
4.747360271706916879e-01
4.787265373497351373e-01
4.800434950867629169e-01
