4.326803013414888266e-01
4.273060640185961101e-01
4.243680472188282038e-01
4.254807097936659233e-01
4.366436948824048980e-01
4.472830900526429954e-01
4.574715790780432556e-01
4.610640930935483994e-01
4.630421620749511358e-01
4.431742373333649732e-01
4.433051329949140862e-01
4.439232723247498735e-01
4.432833059004557263e-01
4.506137902009061391e-01
4.521918795307982575e-01
4.439014677744352322e-01
4.361128188421147800e-01
4.323821295883455984e-01
4.153794782399677921e-01
4.134304992034382731e-01
4.114669842848526216e-01
4.081435368057783619e-01
4.038019761632012927e-01
3.973514457870592764e-01
4.223390786516245110e-01
4.233790298180421519e-01
4.308258637167592942e-01
4.375527387515863453e-01
4.520391669560169245e-01
4.598787096562949039e-01
4.659074514672292833e-01
4.621622139684862796e-01
4.595223754669357508e-01
4.493484281414350523e-01
4.465922182247043515e-01
4.411743536204212890e-01
4.657183744614726284e-01
4.799939116558364915e-01
4.834991681996392288e-01
4.903787565364780554e-01
5.036143556545720212e-01
5.134392396406634029e-01
5.189734523887524764e-01
5.197370472607981684e-01
5.121883865557221860e-01
5.068577852409851259e-01
5.012290179909481003e-01
4.993891315201139380e-01
5.007345114722462354e-01
4.881461430833222703e-01
5.006690636414717899e-01
4.824446760605524687e-01
4.814192731391083169e-01
5.020362605068362516e-01
5.044724926656481978e-01
5.119411580222065217e-01
5.243186004940023626e-01
5.192061610392818549e-01
5.202533743288840773e-01
5.051633484945171615e-01
5.047488213252635525e-01
5.028434753879678087e-01
4.999345485330731198e-01
4.993236880527220367e-01
5.022980576477781289e-01
5.053596905323799460e-01
5.108648431520438349e-01
5.036434317820669415e-01
5.024944018673321855e-01
4.968365563081090230e-01
4.941021676679930308e-01
4.884879537535428695e-01
4.754850807395088474e-01
4.741106042974291834e-01
4.739142535328009775e-01
5.016944716535288729e-01
5.090685934165958271e-01
5.089740498231044574e-01
4.997527620124883607e-01
4.855935853248480316e-01
4.848372707567478734e-01
4.776304090862056317e-01
4.830046471363287908e-01
4.788303393139716757e-01
4.966911233100428369e-01
5.001236400834384588e-01
4.998691167013682990e-01
4.917823069243612011e-01
4.879643529265852986e-01
4.837755092221720510e-01
4.809756683878989025e-01
4.698272279079813152e-01
4.578570097573497200e-01
4.463158662937149468e-01
4.371527649179194341e-01
4.310803921894426072e-01
4.343238392293861660e-01
4.375818286964596737e-01
4.347456350668982838e-01
4.379309022170951859e-01
4.482212136854715756e-01
4.459886155041550282e-01
4.430215203952009850e-01
4.451450318286656049e-01
4.451813897145668886e-01
4.457340804863977879e-01
4.492393246672830576e-01
4.545699259820203397e-01
4.613840708514670985e-01
4.723216297753136117e-01
4.730706764023857036e-01
4.557044156513161970e-01
4.454795556498666875e-01
4.421197539210432459e-01
4.399162471390608009e-01
4.150449566004579816e-01
4.111397218596057335e-01
4.096125452056622596e-01
4.103979555364791754e-01
4.083253451432763970e-01
3.987113623484781488e-01
4.009003281577913635e-01
3.933444046023005236e-01
3.887410300924814543e-01
3.846249079777144253e-01
3.869665849073479769e-01
3.840358527749082040e-01
3.662477954590961926e-01
3.637606688050964432e-01
3.646551600659216352e-01
3.653242047994020858e-01
3.632806887144552355e-01
3.580882640924431537e-01
3.594045497363195785e-01
3.513541145715139979e-01
3.533103666396846809e-01
3.476234187726707781e-01
3.398420603255220551e-01
3.315298062028613768e-01
3.305262303758755849e-01
3.364895243560353522e-01
3.381112431490092551e-01
3.369913024519173295e-01
3.315734436654778627e-01
3.342132938027155276e-01
3.413474164300811520e-01
3.406565438749120656e-01
3.484160919539026069e-01
3.499141793902031949e-01
3.529612814833620327e-01
3.568447022199039975e-01
3.701312045599512435e-01
3.671641087237667023e-01
3.727637860289305105e-01
3.818396197517974766e-01
3.794761259089318162e-01
3.854466871028892072e-01
3.853085111373945604e-01
3.971332788364294042e-01
3.915554118994237776e-01
3.917663101817951410e-01
3.926317165883602134e-01
3.905663850446421392e-01
3.894682648969345351e-01
3.893882688211863230e-01
3.871411303944309878e-01
3.835267885572373192e-01
3.894537173791913776e-01
3.982822992971684073e-01
3.949079515050626377e-01
3.969151089768778173e-01
3.996640502253499538e-01
4.096561826682787455e-01
4.136341288175510722e-01
4.215973050561935831e-01
4.196265003796665893e-01
4.186520254060106527e-01
4.144122610261137818e-01
4.106161159420350093e-01
4.129505271123317667e-01
4.152776710688310668e-01
4.187901948264314278e-01
4.180556906264894512e-01
4.170303037041150351e-01
4.294732172780597601e-01
4.323821339517281981e-01
4.291968617109181428e-01
4.304913253509494164e-01
4.310585658222148009e-01
4.132268877700865928e-01
4.136777720980109874e-01
4.096125502962754683e-01
4.005148909334110274e-01
3.971114531964319849e-01
3.934098524330750801e-01
3.906027429305434229e-01
3.895046286006793590e-01
3.875847460540970957e-01
3.937516521948389858e-01
4.029074907202195299e-01
4.079181077319640747e-01
4.100707091103020230e-01
4.225281592935332120e-01
4.237499122523749051e-01
4.260115996513342274e-01
4.280114833642778005e-01
4.325493896808700334e-01
4.314003648567483751e-01
4.291968573475355431e-01
4.228117748021679723e-01
4.267751843421538349e-01
4.358291960611755944e-01
4.298513654717293075e-01
4.277569432559074625e-01
4.322366805912096765e-01
4.461558705060663654e-01
4.500683680973336931e-01
4.535154382063160128e-01
4.573843041528104503e-01
4.644166261541133323e-01
4.535518084551348750e-01
4.554717019101737763e-01
4.500029420834724125e-01
4.390435735186981048e-01
4.402071465877934742e-01
4.427597152547242954e-01
4.354364945319194047e-01
4.353201354796569222e-01
4.211827793414008592e-01
4.065509006853733065e-01
4.075035812899407972e-01
4.021729821568948982e-01
4.027838528184723432e-01
4.051546255108227079e-01
4.116269720729663351e-01
4.176993433469822770e-01
4.255825307821810566e-01
4.259534204888182352e-01
4.321930584004325948e-01
4.297422903595644605e-01
4.285278169774378032e-01
4.291677717660449254e-01
4.397489775925407240e-01
4.409416246074395751e-01
4.461704194782703525e-01
4.481703010095225981e-01
4.612168165767862038e-01
4.600896079386661008e-01
4.579297378920698658e-01
4.446650561014068859e-01
4.374291153944478983e-01
4.345492835750395799e-01
4.291823200110185255e-01
4.201137556836404552e-01
4.171975659783308532e-01
4.231099465553112005e-01
4.306804190830061940e-01
4.312985576856115943e-01
4.332184511406504401e-01
4.329711956996082911e-01
4.294004855071874016e-01
4.049219117696800652e-01
4.042674080088690114e-01
4.009730497474375266e-01
3.981223035095198259e-01
4.013148495092014323e-01
4.012784858054566084e-01
4.183974903882534679e-01
4.212773265710443304e-01
4.246516707269978319e-01
4.215173147982889112e-01
4.264770322242324441e-01
4.287823418139689036e-01
4.314076429790025258e-01
4.298804554166026359e-01
4.411525265259630402e-01
4.399889643653243088e-01
4.409634567925109216e-01
4.455522794212041227e-01
4.288696051035147394e-01
4.346147263152011497e-01
4.427960702317039199e-01
4.487884461572020367e-01
4.549117184714798756e-01
4.512973948150471037e-01
4.470067388488840332e-01
4.511374026635506240e-01
4.578861004294534354e-01
4.560098502548744492e-01
4.577115665780573384e-01
4.559225804202546861e-01
4.687000192698613232e-01
4.704453737828911408e-01
4.716889378371214581e-01
4.835864285802634055e-01
4.926331694493352731e-01
4.934549383932839706e-01
4.999272965911148447e-01
4.898769726227525934e-01
4.858844673200500286e-01
4.767795451067705081e-01
4.783721870450190483e-01
4.735797340749827167e-01
4.766413742318890701e-01
4.727652294359099283e-01
4.696890417612604729e-01
4.754341695180208660e-01
4.696235997483293456e-01
4.518282752187197104e-01
4.513992114401796374e-01
4.389708461112085125e-01
4.419015898793352548e-01
4.483957460824066765e-01
4.462795076805832761e-01
4.500538358514298287e-01
4.591514850330680186e-01
4.643366358962086049e-01
4.605550346937208328e-01
4.599223471189112789e-01
4.533118209551206257e-01
4.524827840701440285e-01
4.516391989401937201e-01
4.514719388476692852e-01
4.476830587956968643e-01
4.473339852750613521e-01
4.379454482803774584e-01
4.394217195306763801e-01
4.433705866435320719e-01
4.448832223248063156e-01
4.507156184617256423e-01
4.470794611657606388e-01
4.479666939395534619e-01
4.451450252835916221e-01
4.470721859524280917e-01
4.534790854110277714e-01
4.444977909182694087e-01
4.444686951555527066e-01
4.426724352388783923e-01
4.439087240797762735e-01
4.481993858637827732e-01
4.478139493666328796e-01
4.615149781487033476e-01
4.623003884795202079e-01
4.619949531487314576e-01
4.626494612729252776e-01
4.551444438483094324e-01
4.501629160542076069e-01
4.482139384721391395e-01
4.476830529778532686e-01
4.419524843745231135e-01
4.385199617832840069e-01
4.277496811327229920e-01
4.196846868144872289e-01
4.190592679079361282e-01
4.172121011331564322e-01
4.297931863092132043e-01
4.258079605832258419e-01
4.313494638164864781e-01
4.318148905715410990e-01
4.349419836498349956e-01
4.372327559030544930e-01
4.394435429889824718e-01
4.453995617558098030e-01
4.495665878197603882e-01
4.541190452902479358e-01
4.608895650599957872e-01
4.637403069345309436e-01
4.746051326330441023e-01
4.780231135243835916e-01
4.842118409417404123e-01
4.832446280912690018e-01
4.809247658931761760e-01
4.750632849019966741e-01
4.772377082841798290e-01
4.789903307382377129e-01
4.943567143214373516e-01
4.975710655986640973e-01
4.915714151870638204e-01
4.863862585060799160e-01
4.825828469354339068e-01
4.869971357127311773e-01
4.934622186972295599e-01
5.103557949334426302e-01
5.017308309938911526e-01
5.026107841909690510e-01
5.012872080619207305e-01
4.950330269959458129e-01
5.007272428039878376e-01
5.016508341909124979e-01
4.904660285527890906e-01
4.894479052080602521e-01
4.780158404927423721e-01
4.783212816413746626e-01
4.789176091485916054e-01
4.776522296355898978e-01
4.813247440902257424e-01
4.901315003682054083e-01
4.994036826740091972e-01
4.984801087406151576e-01
5.042470577739902593e-01
4.900442385331205131e-01
4.818410791578466856e-01
4.836882452053958281e-01
4.790266958964433663e-01
4.919713941113439404e-01
4.819792493054977922e-01
4.804375244065807737e-01
4.810847587719029317e-01
4.823428696166460750e-01
4.807865906549119717e-01
4.937094734110412664e-01
4.891061032646048523e-01
4.855644946527444272e-01
4.864153477237226908e-01
4.818919852887215138e-01
4.854917672452547239e-01
4.858044770621454123e-01
4.823574054987022630e-01
4.765904724643967860e-01
4.817174499828646983e-01
4.743069645160530867e-01
4.884443206543090388e-01
4.891497349093777980e-01
4.958257161762474330e-01
5.012654093294496294e-01
5.030471268189938838e-01
4.858917418061521332e-01
4.857753929351156796e-01
4.945385321129311951e-01
4.908296372282504039e-01
4.938330960409493819e-01
4.864298959686963464e-01
4.883352419059920346e-01
4.975783342669226061e-01
5.048070223046928762e-01
4.937894702140199210e-01
4.974837957640445008e-01
5.006181676918231016e-01
5.080722964390945728e-01
5.060069590775330139e-01
4.855208637352019241e-01
4.878843626686806267e-01
4.816083603260910007e-01
4.755723447562851258e-01
4.802557102512392539e-01
4.726197906200002574e-01
4.759141430635882020e-01
4.741251576330158812e-01
4.768740865185705502e-01
4.753978058142759866e-01
4.785248981653395517e-01
4.802629847373412475e-01
