4.314647052274427352e-01
4.271147463599098137e-01
4.256848913756833830e-01
4.246645344825067392e-01
4.372914898864563304e-01
4.470856177867931214e-01
4.569804203367066053e-01
4.603637154127513398e-01
4.620352266111499850e-01
4.437358845074856339e-01
4.438567112719925545e-01
4.451522902038163587e-01
4.436016077837934279e-01
4.512878768230343951e-01
4.521739798163665891e-01
4.447428189643521379e-01
4.371370952836056700e-01
4.333510230683662590e-01
4.173004851407527971e-01
4.143602371979916432e-01
4.107017153842723589e-01
4.092852895492524734e-01
4.038478448247517227e-01
3.981821643085197149e-01
4.226238173397051101e-01
4.234293729606740664e-01
4.311894811749266143e-01
4.372310818745199779e-01
4.536709624218046577e-01
4.613505118517702286e-01
4.654453786430281514e-01
4.616190303920931770e-01
4.608470513362333265e-01
4.484282031042221006e-01
4.459779892129501211e-01
4.416683110801399303e-01
4.631025831770352874e-01
4.811535662394928470e-01
4.838924299760390957e-01
4.895513915542853978e-01
5.037088940455686226e-01
5.125296439154587436e-01
5.187994817493626343e-01
5.194506340407157863e-01
5.116972266396286884e-01
5.072599960914295769e-01
5.020642109375492712e-01
4.993589244374015967e-01
4.996073029460079140e-01
4.879872705870011429e-01
4.989091664216078192e-01
4.838655736914952987e-01
4.833486672445109766e-01
4.999026770995851909e-01
5.066088746793997455e-01
5.099653282392725417e-01
5.233776717095993680e-01
5.182758671050267107e-01
5.192425255261979844e-01
5.064880277762037197e-01
5.036350407734746515e-01
5.025609733250790967e-01
4.994797518731980412e-01
5.001577705184396816e-01
5.041317930916600076e-01
5.051655791340431412e-01
5.112340495439731125e-01
5.032121289728803681e-01
5.021313479568159099e-01
4.970832579351999736e-01
4.945592068827852072e-01
4.905113364077878790e-01
4.748971434577130557e-01
4.728496973075809739e-01
4.728631251142080827e-01
5.020038217217226428e-01
5.087838564626800952e-01
5.085287630438256601e-01
4.975397442870344578e-01
4.848657939094035418e-01
4.839796969576779517e-01
4.763538413006906391e-01
4.848053805271501648e-01
4.793075157074994097e-01
4.973853463277355114e-01
5.004866950568300776e-01
4.988353292604651434e-01
4.926594619065242098e-01
4.881416853285409085e-01
4.848725081483619137e-01
4.794417729637920900e-01
4.703927893160398388e-01
4.581350338148863499e-01
4.451925756375665899e-01
4.368887221453163772e-01
4.323709462386227664e-01
4.351165181725207276e-01
4.370431160768774581e-01
4.358012369596382385e-01
4.376070027291709130e-01
4.477434802893667798e-01
4.456826204296899241e-01
4.439641209705064151e-01
4.460921077801053847e-01
4.457094726864960221e-01
4.467835293942574726e-01
4.496432192240210624e-01
4.543758138564530369e-01
4.605046808663954550e-01
4.726617476208898050e-01
4.743332574767092358e-01
4.548188737442396268e-01
4.477300551678981555e-01
4.439037055743840221e-01
4.393389393930365316e-01
4.165956377338423944e-01
4.107956851929458475e-01
4.098827366557037388e-01
4.102049583670596689e-01
4.093792707698496458e-01
3.987124824511797949e-01
4.014580557276570261e-01
3.953090453295497464e-01
3.893345621818236624e-01
3.828431920545127265e-01
3.871797224441289043e-01
3.840313773987738544e-01
3.671551552303985999e-01
3.639598199103898368e-01
3.646176817416738603e-01
3.649868829870493991e-01
3.627313491323783667e-01
3.587774538363715515e-01
3.578980657532871978e-01
3.482919130486479831e-01
3.534809846348595519e-01
3.482314942960774706e-01
3.391758031222631420e-01
3.303953292880685289e-01
3.308182404173732882e-01
3.351279245917901384e-01
3.388200155864324326e-01
3.353225871748605202e-01
3.327448430207575192e-01
3.342552500763745771e-01
3.406593424814125526e-01
3.412097999844996843e-01
3.491511530445400302e-01
3.484932865142286174e-01
3.532191709354399189e-01
3.559714638211926574e-01
3.690683306984453571e-01
3.639866681394581804e-01
3.738210673764629233e-01
3.820376518732053750e-01
3.800304971984302949e-01
3.887304102344689150e-01
3.856961824136898587e-01
3.984842466594485932e-01
3.899991409372244866e-01
3.921002761613070486e-01
3.926775865924899689e-01
3.903549298156345770e-01
3.880725437041575021e-01
3.897373386497288705e-01
3.872065800712520267e-01
3.841186437091231864e-01
3.892741481282805949e-01
3.980680457413644513e-01
3.950606715199707630e-01
3.958058036893417064e-01
4.006458113767357720e-01
4.107621294378155374e-01
4.148301433009776162e-01
4.196365791222902430e-01
4.193277764907961114e-01
4.188713149766782329e-01
4.136419539289786229e-01
4.098693081777869951e-01
4.136083934748208124e-01
4.157565263577432391e-01
4.189988559801435808e-01
4.184685317958767303e-01
4.165218005726997186e-01
4.271348931045227393e-01
4.326998754760407184e-01
4.293031465517622158e-01
4.295716583791887588e-01
4.304309097870046563e-01
4.149778337342145407e-01
4.127760043931555933e-01
4.096142295273046963e-01
4.002967219689123057e-01
3.952016369736150447e-01
3.933555897980697269e-01
3.906100131651444318e-01
3.897507677989352493e-01
3.871394564777780878e-01
3.950942333167077880e-01
4.027200876311159972e-01
4.074929576279536780e-01
4.089966444030057602e-01
4.220666496253974165e-01
4.231608550916406974e-01
4.256177778515538579e-01
4.281351139937206729e-01
4.338410618188828782e-01
4.304107717691570967e-01
4.307464165881125795e-01
4.214423469056918226e-01
4.268797923014823748e-01
4.357206707911650545e-01
4.315721048566121265e-01
4.271147416608822578e-01
4.302765158554436864e-01
4.463471911296151839e-01
4.504084900825293114e-01
4.539663211357204409e-01
4.575577200272552547e-01
4.626930917988821834e-01
4.522948173215078360e-01
4.549934097213862438e-01
4.499990235420927576e-01
4.370229928274017017e-01
4.404935642831401266e-01
4.418428470572864919e-01
4.347204539297049863e-01
4.331227819063180329e-01
4.203212932103803090e-01
4.066739688300403666e-01
4.064054617016412130e-01
4.028207783916440410e-01
4.023575818285890504e-01
4.048279323951294861e-01
4.126484526490561411e-01
4.165486427601612363e-01
4.252217142800279182e-01
4.264367478533573896e-01
4.323776645053190593e-01
4.292226005219781371e-01
4.295985213766290722e-01
4.297327719200252916e-01
4.390435612117214448e-01
4.413863560064246183e-01
4.437895802943323531e-01
4.487168415375725194e-01
4.598334012978289587e-01
4.629213329609304095e-01
4.578061092764959539e-01
4.436016232234549772e-01
4.376539963602729122e-01
4.391711122845312620e-01
4.293098668323273026e-01
4.216437351396444821e-01
4.182335878067938162e-01
4.248122229018745921e-01
4.298401863175668192e-01
4.282089471271256498e-01
4.324246500809452720e-01
4.316056814217211768e-01
4.289003741115947621e-01
4.050561681868606323e-01
4.044855780362429654e-01
4.010418588373107496e-01
3.980680417136265858e-01
4.011022728908537616e-01
4.009814407560297611e-01
4.189854281735164721e-01
4.214423495908504180e-01
4.217847039497369388e-01
4.188914523232363796e-01
4.258661570314500322e-01
4.289138039320908313e-01
4.314244244927198380e-01
4.315989571134182801e-01
4.405673860046211976e-01
4.394262010043581967e-01
4.410440123881723129e-01
4.445615687482472600e-01
4.290816202999618856e-01
4.336933814549905342e-01
4.435747676102008707e-01
4.480522668099094497e-01
4.553156139792114421e-01
4.518920442100507473e-01
4.486295805975404893e-01
4.511603405185964366e-01
4.591151220565536928e-01
4.573831988184808295e-01
4.562352888386252969e-01
4.562688553343897668e-01
4.672578640218362778e-01
4.710909325533363390e-01
4.718092124659011843e-01
4.830264623153960879e-01
4.933710309365788027e-01
4.941295868848391559e-01
5.003054549100697246e-01
4.911557744601826037e-01
4.827243725802811136e-01
4.773003570049866306e-01
4.805292635197873086e-01
4.746151971107629430e-01
4.754744471759995705e-01
4.730510862128233240e-01
4.702585186339545142e-01
4.762330031242598682e-01
4.703256576670901135e-01
4.507105784750649047e-01
4.504084994805843123e-01
4.395738853959884063e-01
4.412521148610833444e-01
4.483342118142804034e-01
4.453536885071135432e-01
4.519256154048426621e-01
4.554096052691531393e-01
4.637201689726240250e-01
4.611356998389283257e-01
4.599609476716112200e-01
4.537985047678493866e-01
4.523283891875893858e-01
4.508985436014179560e-01
4.510932175964121882e-01
4.480187056844621707e-01
4.463337619804089162e-01
4.423060335509969576e-01
4.397484113037902764e-01
4.435613418174426115e-01
4.456222016771194117e-01
4.476226515109909543e-01
4.469849182994997117e-01
4.479247352044989916e-01
4.463404809183946775e-01
4.466627012871712821e-01
4.530130965627829909e-01
4.446018380710462514e-01
4.450516007858675294e-01
4.432726825741133969e-01
4.448636349882249541e-01
4.475085188467532449e-01
4.477434641784154290e-01
4.605248289535878170e-01
4.610618573074684590e-01
4.614512066400360824e-01
4.627803621369691034e-01
4.545906312396120752e-01
4.522478310745917662e-01
4.482469461752208728e-01
4.480187003141449797e-01
4.420845019288796029e-01
4.388019016411009998e-01
4.261480933090556200e-01
4.200527766839262656e-01
4.181127503016526803e-01
4.160049001673221114e-01
4.311626181774863009e-01
4.266314077512692315e-01
4.317466415050483231e-01
4.311693317451551488e-01
4.358482258917127372e-01
4.368014518072293462e-01
4.401377673492544162e-01
4.451858681115046235e-01
4.490793439836512912e-01
4.542818326358558090e-01
4.605315431925461334e-01
4.640759511381376545e-01
4.727691566481140861e-01
4.780857692377908919e-01
4.847583848821793162e-01
4.837984400286767794e-01
4.809857391309876884e-01
4.743601083909360083e-01
4.763672684360280574e-01
4.787973335688181509e-01
4.949955565593511797e-01
4.970362723595736498e-01
4.918337783370519967e-01
4.879268679453819813e-01
4.809253223922859699e-01
4.837514510966021697e-01
4.941564451832520244e-01
5.098310669552421626e-01
5.022052065992271830e-01
5.022253493161024096e-01
5.005471091103732562e-01
4.941497249026868821e-01
4.998489725859731059e-01
5.027422396521352699e-01
4.916995183956008875e-01
4.895379704605546389e-01
4.797102894902461334e-01
4.775151750594353595e-01
4.792940919286102774e-01
4.778508185358116278e-01
4.814287923058778729e-01
4.897662089374443251e-01
4.998221189865876268e-01
4.998892580197233371e-01
5.028832198741515214e-01
4.904777813239472595e-01
4.825699893893543035e-01
4.836171998819163154e-01
4.789584484522338981e-01
4.922029896517721159e-01
4.816771681293257057e-01
4.801466337964950815e-01
4.799183919631570538e-01
4.836843275031281753e-01
4.805024099204020516e-01
4.935254302384570191e-01
4.901488386607366077e-01
4.854296785478282583e-01
4.884102018549949520e-01
4.819926803007507088e-01
4.851544424120986521e-01
4.861613775402550131e-01
4.819658213310483164e-01
4.767364790794585416e-01
4.813146744100122998e-01
4.742191382382642262e-01
4.882893636785642921e-01
4.889270915197383993e-01
4.953714760714230114e-01
5.016077641918033070e-01
5.023596152991601782e-01
4.849463406104773666e-01
4.851880149494699479e-01
4.949485763540421024e-01
4.899675891159214203e-01
4.927668648921418870e-01
4.854430982989796917e-01
4.881014099641352022e-01
4.957406786593777093e-01
5.043466312847979527e-01
4.936798248413076795e-01
4.985131021787922445e-01
4.995133371650725129e-01
5.073003117332135492e-01
5.058167569344025338e-01
4.853088477555834723e-01
4.874905390787945825e-01
4.822477629789708731e-01
4.761591659631170814e-01
4.788107573477074497e-01
4.733800268621650154e-01
4.747091769887808455e-01
4.755684324243344974e-01
4.760517555933133638e-01
4.744003803988935397e-01
4.779112265477479804e-01
4.800593621158288915e-01
