4.313827105066708190e-01
4.289080485824309785e-01
4.232169434506555805e-01
4.235348489134875272e-01
4.374665044931146940e-01
4.459190124864203519e-01
4.581115434245361384e-01
4.603306289370271975e-01
4.615399123871661291e-01
4.431700839125359281e-01
4.443045584138826665e-01
4.445788150900811808e-01
4.422350540218935033e-01
4.529378120532317475e-01
4.520152670470216072e-01
4.422974067599109160e-01
4.376722074412149333e-01
4.332340276894677267e-01
4.174510449535975831e-01
4.146709506074907070e-01
4.105693740365556343e-01
4.093102246028527125e-01
4.052709777063410734e-01
3.968621222397111237e-01
4.220263701853045890e-01
4.235348620036354927e-01
4.302918710784689460e-01
4.370301737085570126e-01
4.532058534025204533e-01
4.612531745665776062e-01
4.644197455571452138e-01
4.632353988388304700e-01
4.595514640612382018e-01
4.478513720217899841e-01
4.462119830874490822e-01
4.424096080279617538e-01
4.618702846575590826e-01
4.806702379399431235e-01
4.843604123547198825e-01
4.904878395442877070e-01
5.024622138168898244e-01
5.118123238511775863e-01
5.178400196969575875e-01
5.178462499840362776e-01
5.110642991906553245e-01
5.061897724475006299e-01
5.014897810102026954e-01
4.992332963217088193e-01
4.979492157662447904e-01
4.860621103932518117e-01
5.001807855398275882e-01
4.831822953001436716e-01
4.827023107422296344e-01
5.001620809651031729e-01
5.051550529768759068e-01
5.094311735804332164e-01
5.227020665424031431e-01
5.185132192018377939e-01
5.188622879435303981e-01
5.078914985363494061e-01
5.049804946074250012e-01
5.039831462624861924e-01
4.985226839273372845e-01
5.012030674998888546e-01
5.026492022168197460e-01
5.046563588575143644e-01
5.120304873734352613e-01
5.020009319636792311e-01
5.007916460201788933e-01
4.984229613103149381e-01
4.942403473735300090e-01
4.919651537469291180e-01
4.764190534448698444e-01
4.726540669645990511e-01
4.737324470653240804e-01
4.991086432062657452e-01
5.088888649581592150e-01
5.077481464562454416e-01
4.989154089357478172e-01
4.852393210411042324e-01
4.850647863585876851e-01
4.765873534769251019e-01
4.831386620970198331e-01
4.796915898063461858e-01
4.987159412614491361e-01
5.008352891967486897e-01
4.991024041924218557e-01
4.930996388450622492e-01
4.869161029180442690e-01
4.859561630992139669e-01
4.817922499971113992e-01
4.724920059463879052e-01
4.588283811192632733e-01
4.444105244081316131e-01
4.374415752413748915e-01
4.323177216971016423e-01
4.331031268334154527e-01
4.368057655623919233e-01
4.357024605733096911e-01
4.401593405363987133e-01
4.465922176013639722e-01
4.458629099823737674e-01
4.442110573571734777e-01
4.459938108384260969e-01
4.463927480570442641e-01
4.474212553174611862e-01
4.501140807639588126e-01
4.574134009544278956e-01
4.605986609362103801e-01
4.721367031775743350e-01
4.731028776468659269e-01
4.559984263996558207e-01
4.475272312851563683e-01
4.455138393706599698e-01
4.386072317217937777e-01
4.183735936998497773e-01
4.113485401590254442e-01
4.109994764040557635e-01
4.102639347579445928e-01
4.075087727802794713e-01
4.001533575658484110e-01
4.014997715357779273e-01
3.956092068331290568e-01
3.889519272320621224e-01
3.831049957325369237e-01
3.881914507241477352e-01
3.845449151225581175e-01
3.675651232241947675e-01
3.656826371524737884e-01
3.646042570517486481e-01
3.636754717850138596e-01
3.622916555223795743e-01
3.608704400837424164e-01
3.600538654351641554e-01
3.467081510575944492e-01
3.504855925019593199e-01
3.497687498205091505e-01
3.397080404819980415e-01
3.307070004360839199e-01
3.323713186221646798e-01
3.341166741740950741e-01
3.382930553304396293e-01
3.349581712176689097e-01
3.315547433502459840e-01
3.344345777669058273e-01
3.404809719540065061e-01
3.405059061924692876e-01
3.501614430385603383e-01
3.474187441284141697e-01
3.537394199253284244e-01
3.564696545212749923e-01
3.669791826454777417e-01
3.648099562598066670e-01
3.733185580303935991e-01
3.815154852485677095e-01
3.794958636703328891e-01
3.885716983282105352e-01
3.853490285736386745e-01
3.981088023724912994e-01
3.914265922730037484e-01
3.932155766646753814e-01
3.929226066869871414e-01
3.908157224425469756e-01
3.898869415391948978e-01
3.899804432192442993e-01
3.869759438436741195e-01
3.835288678129583628e-01
3.897248724175588208e-01
3.979217983890520616e-01
3.939386589833099306e-01
3.966377240669918813e-01
3.982771173647154384e-01
4.109745471523161275e-01
4.148953537669328173e-01
4.196826128571592429e-01
4.178811498144591186e-01
4.181055629473472979e-01
4.127323582916809230e-01
4.107376703285686714e-01
4.144091464020246973e-01
4.152319631811489109e-01
4.193896416327901333e-01
4.162480011406430869e-01
4.167404500127567246e-01
4.257975894460155897e-01
4.315697095033871333e-01
4.296311203042790794e-01
4.308590971090155430e-01
4.296685157402396205e-01
4.140476164628342781e-01
4.114607570105857093e-01
4.082941860200182127e-01
4.009138297103801984e-01
3.939324199694659856e-01
3.931657088110901976e-01
3.909279149838325584e-01
3.892324372589333614e-01
3.877738226442933311e-01
3.950918336959985955e-01
4.046102468790431783e-01
4.067545396495918508e-01
4.093351681914212392e-01
4.236719919000857537e-01
4.229551548286989981e-01
4.268385672540358500e-01
4.278982440267173892e-01
4.346552387647223403e-01
4.300238197557341158e-01
4.300425237071180962e-01
4.234351169463593245e-01
4.254422742103944333e-01
4.356401184320787268e-01
4.326044532842864276e-01
4.287023406476076492e-01
4.302918611050229325e-01
4.454452638256483632e-01
4.505878219446461386e-01
4.542468256004776328e-01
4.577437657447363528e-01
4.628115261350688181e-01
4.522708434587706106e-01
4.542717747991095734e-01
4.503634381087558425e-01
4.369803183217793041e-01
4.413187717164618884e-01
4.421727399309795525e-01
4.352723482323635484e-01
4.331529903236180923e-01
4.199755797181457528e-01
4.066734885702537050e-01
4.067046668092835771e-01
4.032451264643679423e-01
4.009886330491089224e-01
4.061561247832291000e-01
4.136673732221539668e-01
4.171954766452736219e-01
4.258786180851000802e-01
4.266577941810157926e-01
4.320746233130408620e-01
4.293007561373108349e-01
4.288706500297684299e-01
4.289953112486363240e-01
4.387131902359583946e-01
4.412875797639438380e-01
4.427524390024911716e-01
4.488861039592221269e-01
4.598568983531262644e-01
4.610848751578627280e-01
4.587785182524011240e-01
4.434879843886445627e-01
4.417239292487127877e-01
4.395858717519658398e-01
4.298305948353217665e-01
4.206674881611330852e-01
4.192899115356831241e-01
4.246755667920609212e-01
4.301796685637375162e-01
4.297183885805478942e-01
4.321057878385822781e-01
4.313577818782713957e-01
4.293069858010492013e-01
4.046601066292034310e-01
4.051151519619316521e-01
4.023038849868584843e-01
3.978033630938802578e-01
4.007953981552505596e-01
4.008203323937133411e-01
4.190966716551018378e-01
4.210103253690662406e-01
4.219765004616982673e-01
4.193210785545861685e-01
4.260282235158768249e-01
4.284218449575650234e-01
4.306721024756819949e-01
4.321805812038650996e-01
4.399411707807372451e-01
4.394487362454521651e-01
4.420044367822226206e-01
4.436375854560387078e-01
4.301796585902913916e-01
4.330345581451480186e-01
4.444853246301585514e-01
4.486367678079980492e-01
4.553813044652070263e-01
4.489359730594881803e-01
4.484310679765996510e-01
4.492538772756392573e-01
4.593083563270716208e-01
4.568523989775562510e-01
4.562352882632341733e-01
4.554561171540414399e-01
4.661277019330726801e-01
4.723548760499376997e-01
4.720369712104461324e-01
4.808447695057578852e-01
4.934237770883343477e-01
4.939286815478824977e-01
5.021380780669792987e-01
4.916160856285768932e-01
4.838741987564080249e-01
4.767868223979042641e-01
4.799596274155928377e-01
4.751973013171486016e-01
4.747921288247286542e-01
4.726790012030618882e-01
4.699051334039915928e-01
4.758767404592132988e-01
4.734083131854346926e-01
4.511924670980876351e-01
4.514044046966493307e-01
4.398663730520718795e-01
4.400533820222342074e-01
4.482689988549636295e-01
4.444915617739814695e-01
4.530811915603122908e-01
4.541096994440695922e-01
4.632728011315353500e-01
4.610474716184772559e-01
4.591961587990628924e-01
4.568773282292959981e-01
4.516412777803545664e-01
4.523144860120000277e-01
4.509618380149494898e-01
4.477079918913689505e-01
4.465423435143750508e-01
4.443855907930092108e-01
4.413249820566484405e-01
4.412003208377806018e-01
4.463117106911945742e-01
4.477329348565970979e-01
4.468166145274022893e-01
4.489172828215922673e-01
4.471220550526940896e-01
4.466670178233908550e-01
4.528505500103666148e-01
4.450213961086096348e-01
4.462493722900058857e-01
4.441611832701845564e-01
4.459751006536382123e-01
4.474150163036171302e-01
4.473464438753075312e-01
4.569521303213440189e-01
4.609789035535502011e-01
4.614775777260195500e-01
4.625808926885479622e-01
4.576128742387898796e-01
4.518407404679299910e-01
4.476020296371621687e-01
4.480134274299377162e-01
4.427025692788849054e-01
4.376472831761982762e-01
4.264520912329155533e-01
4.210539560788286173e-01
4.183922951578725180e-01
4.162480017639834107e-01
4.309463660086247927e-01
4.269881502445591059e-01
4.313328382897029800e-01
4.316258082673913310e-01
4.354655918529871106e-01
4.365314995360876082e-01
4.402341426284466785e-01
4.454328088615543968e-01
4.492476476119008910e-01
4.544961673617651243e-01
4.603119343357487403e-01
4.655168252458717904e-01
4.728473155719457033e-01
4.761323174943025149e-01
4.841547050432370436e-01
4.841422351189739737e-01
4.805081632082437437e-01
4.742747594276404688e-01
4.753032722981207492e-01
4.793861492810544411e-01
4.956989707149352387e-01
4.953623619240598019e-01
4.927630337942288663e-01
4.880817469316555690e-01
4.812187731092535947e-01
4.842045741435029305e-01
4.948262941856509944e-01
5.087080962485217572e-01
5.032413942761884140e-01
5.028424514475069440e-01
5.003677795498209235e-01
4.939723103876237920e-01
5.001122124881777209e-01
5.028860846506306714e-01
4.911174170661708471e-01
4.901450079464179099e-01
4.799845616540556748e-01
4.784137463947051860e-01
4.791056529676714915e-01
4.777530006072381874e-01
4.811813720632295288e-01
4.898146356760247344e-01
5.000623477512942117e-01
5.003054554854607927e-01
5.025931283864305543e-01
4.901637112744615665e-01
4.823719602887498459e-01
4.832259341133308128e-01
4.800593643694440749e-01
4.915288229623713812e-01
4.806951690617040640e-01
4.798848290635871483e-01
4.790620197645474865e-01
4.832196988395291437e-01
4.827771271711063794e-01
4.929438074905895251e-01
4.900951369761307741e-01
4.855759242219165328e-01
4.880505817827736625e-01
4.816738178186414365e-01
4.857379846167872439e-01
4.863924945071121386e-01
4.816551119972363182e-01
4.771483635572216775e-01
4.811128089850256750e-01
4.744368291726169251e-01
4.889481881871383107e-01
4.894156934706835327e-01
4.955244354090785341e-01
5.018388778022122576e-01
5.044943184095357358e-01
4.853141144063869983e-01
4.845598769123166671e-01
4.941343994561519515e-01
4.899642323800362798e-01
4.922394253832968469e-01
4.854387849753605266e-01
4.882438216633550043e-01
4.967711130484972482e-01
5.030543983961741628e-01
4.932367743515759240e-01
4.993455063165250229e-01
5.007418012301877441e-01
5.057971016697029309e-01
5.050366207984059441e-01
4.859935622752168394e-01
4.866979350324038833e-01
4.827085553661370487e-01
4.767930564250253411e-01
4.787191750765298903e-01
4.740815264038032995e-01
4.744555243972357061e-01
4.782766040314473388e-01
4.787254041169277663e-01
4.756211690341873299e-01
4.788064377427352913e-01
4.799783257569135708e-01
