4.311254774224211328e-01
4.294150302614549441e-01
4.232306556091801619e-01
4.242255109250548939e-01
4.377287245912810376e-01
4.467463907873190920e-01
4.573814029396887637e-01
4.592896503809983377e-01
4.607208451250840997e-01
4.425400922433055384e-01
4.438258304270588095e-01
4.447799474571933476e-01
4.427611551709976223e-01
4.531576433018929539e-01
4.519475312661673794e-01
4.425342732362080866e-01
4.374087408700725876e-01
4.317363486657828653e-01
4.179189656311707579e-01
4.164586886508544472e-01
4.122640281210352975e-01
4.092852916526267260e-01
4.054455120148533487e-01
3.981208534120204146e-01
4.216365757909035783e-01
4.230154105250164553e-01
4.321610588065644687e-01
4.358902935994517502e-01
4.517090060811240759e-01
4.593478323069900560e-01
4.637519404398967038e-01
4.637810279121863388e-01
4.589464098302845629e-01
4.479448741173996384e-01
4.458213554116306487e-01
4.426389944197222093e-01
4.615760669602140265e-01
4.790994180678737613e-01
4.837362405237072838e-01
4.903453020453897304e-01
5.016377444793114204e-01
5.117026196015691530e-01
5.179917026381023470e-01
5.175844466096907182e-01
5.130174318765720054e-01
5.083747863411509638e-01
5.019053385195452188e-01
4.997643802460149942e-01
4.981470243993491587e-01
4.851615935711059979e-01
4.992524245601101529e-01
4.845390976945899153e-01
4.822643098210190327e-01
4.987928096852944915e-01
5.041219700656358604e-01
5.090380507561935719e-01
5.218663794467131023e-01
5.184396614634084743e-01
5.205108120142238892e-01
5.091020255089865332e-01
5.057160399935783923e-01
5.054542300533808596e-01
4.979724832756487474e-01
5.014399343086342054e-01
5.031969073460828001e-01
5.069726912868263158e-01
5.127265478451248359e-01
5.017075452206142261e-01
5.005788783400137998e-01
4.987171800465606819e-01
4.943421588041593817e-01
4.911423442816654217e-01
4.762137653505691959e-01
4.727870462036958821e-01
4.738924370559071675e-01
4.977339708898613213e-01
5.084737181885697899e-01
5.075894042268751516e-01
4.976699740292627738e-01
4.861739152168221834e-01
4.863775385767531989e-01
4.785758086595972016e-01
4.822701427909407701e-01
4.795822967536071957e-01
4.980481356039723195e-01
5.011024935661340107e-01
4.993745986924257307e-01
4.918055836799807290e-01
4.876283714446881801e-01
4.873258453265558732e-01
4.814847350781534252e-01
4.751491023119795432e-01
4.596503584251223073e-01
4.430811464554025858e-01
4.373214772896346636e-01
4.331384512833039158e-01
4.341100299890053305e-01
4.348023504599825562e-01
4.363033599081953540e-01
4.404631145404118153e-01
4.457340836862117017e-01
4.459667980091385209e-01
4.445588810387949841e-01
4.466416696038049694e-01
4.444832502364924331e-01
4.470081873464765154e-01
4.498298356399861309e-01
4.542863107642777232e-01
4.630188857556697957e-01
4.714664027041243766e-01
4.711405999758186969e-01
4.552346274044143937e-01
4.484975622712009113e-01
4.472409057418938461e-01
4.383163401687059646e-01
4.183843977677305648e-01
4.106524784822111473e-01
4.103266856442394639e-01
4.101637825347335675e-01
4.072257756252997130e-01
3.978299606538078237e-01
4.019257195889944234e-01
3.962067828911230993e-01
3.895162587607851057e-01
3.807138626656378921e-01
3.877185422015373972e-01
3.845652762451152729e-01
3.677109864517899007e-01
3.661750757602492135e-01
3.652093125709390820e-01
3.632777797926908803e-01
3.625912742563204838e-01
3.625796403146163693e-01
3.620153083287770968e-01
3.459755189565879019e-01
3.495709421847494891e-01
3.498152951036551661e-01
3.408034560596952534e-01
3.292375813795588857e-01
3.331529877471445245e-01
3.336475085195627632e-01
3.381679735230406214e-01
3.357826454588583309e-01
3.326410186801996294e-01
3.356662996421898582e-01
3.392268123184738471e-01
3.406405482959146691e-01
3.487331622445179469e-01
3.470401721048436139e-01
3.525089456034770641e-01
3.569246917505782268e-01
3.662565220789430476e-01
3.636908507557093384e-01
3.726154297099373292e-01
3.803589823553765736e-01
3.792303195472664923e-01
3.884457819511573096e-01
3.862640935368679695e-01
3.983942926396471518e-01
3.927451665734124076e-01
3.935538421696078148e-01
3.929255150685230791e-01
3.927975300740912390e-01
3.921052008763487584e-01
3.894813563538885859e-01
3.875789197746952741e-01
3.834307950116925268e-01
3.886668536056149814e-01
3.976088802725850635e-01
3.930651502946208020e-01
3.976088895811346613e-01
3.984524838741884678e-01
4.111179129459084369e-01
4.153707554017193049e-01
4.208104425916319169e-01
4.190592658716907892e-01
4.170812077987447464e-01
4.123571089632175335e-01
4.100823333071181298e-01
4.143235389123031132e-01
4.166565028940222848e-01
4.197574134947463786e-01
4.165983203862461681e-01
4.185938494433085189e-01
4.257323457799928601e-01
4.322017773116366701e-01
4.311371107823409043e-01
4.282107319967674575e-01
4.305204129686852621e-01
4.138173975792209247e-01
4.130959855634633304e-01
4.078017479524710387e-01
4.009134153968089143e-01
3.948628581271033111e-01
3.932164066631668176e-01
3.913605139957708756e-01
3.902376783397391580e-01
3.871833099054591831e-01
3.952293851783245104e-01
4.050499108723824571e-01
4.076737594673331411e-01
4.104197781221087804e-01
4.234459292007771158e-01
4.226663404950870562e-01
4.264013995311305427e-01
4.272740714061402656e-01
4.348954336293022194e-01
4.295488342629840139e-01
4.297059183653926251e-01
4.243069607344546745e-01
4.257846935724941551e-01
4.345579987046454540e-01
4.317247112333726933e-01
4.284550808431827895e-01
4.301364422772123164e-01
4.456933541272369292e-01
4.509003223399478122e-01
4.538965071028829845e-01
4.563749096096195168e-01
4.624545590058897204e-01
4.518835437141185962e-01
4.531343847270344893e-01
4.500625691617967106e-01
4.408238342202227544e-01
4.401955106098441317e-01
4.425342773086985426e-01
4.337725933189956473e-01
4.337493219448814163e-01
4.191058103652725020e-01
4.086278683524868227e-01
4.077901105200608112e-01
4.040550520658015565e-01
4.004712592886380818e-01
4.042412230587156818e-01
4.138057543289671014e-01
4.175175367548373262e-01
4.257148852679950024e-01
4.261221372239160643e-01
4.320854268406932874e-01
4.289088807833916772e-01
4.288216125486788433e-01
4.292986704819618526e-01
4.385723148118444437e-01
4.395497084521526321e-01
4.427029883713989866e-01
4.505163458306313262e-01
4.595805512841917850e-01
4.613026283143715767e-01
4.573406786167732441e-01
4.468976558826303624e-01
4.418884920227533208e-01
4.395206297066280854e-01
4.300724494891043359e-01
4.227536011666032656e-01
4.184367670862530475e-01
4.226546984084020298e-01
4.306018755773410311e-01
4.294033922472603737e-01
4.320097919659000585e-01
4.310614857978817271e-01
4.295546614150622111e-01
4.048637317344874753e-01
4.054164338511132004e-01
4.021177130797119470e-01
3.968292921486794023e-01
4.005934369116596061e-01
3.994124152571457143e-01
4.186985624818417850e-01
4.209617071051588999e-01
4.216249366131403220e-01
4.189080089213605418e-01
4.281816544148117631e-01
4.266748271230704215e-01
4.308229513042888814e-01
4.319806969304138544e-01
4.408063684721657549e-01
4.400325987735728694e-01
4.420455772887306178e-01
4.435291250613767611e-01
4.309742123271098069e-01
4.325741187156803003e-01
4.447334145992988819e-01
4.491491543467720504e-01
4.553218810945183770e-01
4.496843988603217435e-01
4.485673734846218896e-01
4.524304210058033848e-01
4.587369622271971203e-01
4.580213703821056637e-01
4.547750078753238778e-01
4.557582286677102079e-01
4.666957721742713283e-01
4.704424651520190404e-01
4.731535825634667902e-01
4.800884514677296044e-01
4.921022936999373543e-01
4.939407345821008044e-01
5.022078943086794034e-01
4.925328141210512101e-01
4.848183518568235373e-01
4.765570163734013098e-01
4.803677056299631709e-01
4.753236306364242436e-01
4.772958836650975645e-01
4.728103181595945670e-01
4.709660582703339982e-01
4.751898184899142619e-01
4.752538153505128093e-01
4.507723373455159721e-01
4.527387667128172644e-01
4.395846219129518895e-01
4.436920270073140271e-01
4.490793425515667847e-01
4.441749039476942662e-01
4.525176898223005617e-01
4.543328540942904170e-01
4.623847477924687976e-01
4.619367715136319386e-01
4.592256622471649341e-01
4.560782077346437480e-01
4.513017634337527229e-01
4.523897013371626641e-01
4.504756296526967185e-01
4.482822968245849804e-01
4.459202488612822313e-01
4.450824869563655972e-01
4.421211970371304867e-01
4.425749929048488629e-01
4.457980793832415634e-01
4.477936084403040251e-01
4.458097127431612239e-01
4.493411524917642619e-01
4.481019448387681403e-01
4.473863512483236549e-01
4.533729099120775152e-01
4.446694159933472501e-01
4.454548196336441390e-01
4.440294497144992025e-01
4.465427575370541358e-01
4.478052290009679193e-01
4.482008382884197228e-01
4.556360498811199422e-01
4.602437767196826401e-01
4.612095404907770591e-01
4.621578518948547543e-01
4.577479299909101851e-01
4.510865003142739971e-01
4.478226906765346294e-01
4.478692258615664668e-01
4.432556800159064281e-01
4.371644019139913628e-01
4.260523219380046300e-01
4.209442471749453296e-01
4.176978939767133081e-01
4.168950280790654217e-01
4.304156964394459384e-01
4.272216968515587521e-01
4.311080209829137311e-01
4.318236169004956992e-01
4.346336405608507425e-01
4.363324462169163587e-01
4.402187656939964833e-01
4.451697563546472280e-01
4.492422456610725701e-01
4.545772023589214061e-01
4.603368686157675582e-01
4.648573307103237018e-01
4.717980238577428875e-01
4.751956427330706334e-01
4.822177798720463371e-01
4.837653233417223420e-01
4.812287464721905494e-01
4.739971669661866560e-01
4.751607356718992592e-01
4.792913999229043154e-01
4.953602895666388006e-01
4.946970519136765776e-01
4.926724406203835116e-01
4.893097235701680536e-01
4.813218319686474733e-01
4.845972807841502639e-01
4.956046343405637322e-01
5.082933673663218022e-01
5.037088996844018007e-01
5.033540059931003174e-01
4.994153142885760510e-01
4.932658577513752696e-01
5.000552805674240986e-01
5.022951584709017814e-01
4.914216089160173273e-01
4.911190787253946755e-01
4.801989922401253552e-01
4.787328979980648991e-01
4.789307006055456006e-01
4.769642665839695095e-01
4.808564050681468083e-01
4.886755838616138048e-01
5.002181830951454300e-01
5.007708857935555535e-01
5.045699504169630645e-01
4.901067791874839097e-01
4.819559827311045153e-01
4.828810181067927920e-01
4.806760554094675064e-01
4.915845067894640263e-01
4.814730964821745118e-01
4.775460561728849251e-01
4.789946980479283245e-01
4.832591779361495310e-01
4.838525956489255764e-01
4.928178907810881748e-01
4.906827381336150706e-01
4.870814964801406521e-01
4.874131135612687071e-01
4.815370974152635708e-01
4.872327528486867232e-01
4.878436287463232546e-01
4.810891193910737940e-01
4.784769088103176804e-01
4.811414823099682270e-01
4.756959761129583852e-01
4.885941299797235127e-01
4.885417717151038230e-01
4.949064977714109914e-01
5.013235844194752211e-01
5.046688531751644113e-01
4.859528301813246243e-01
4.838118672535196008e-01
4.925910082645143517e-01
4.895133515843738681e-01
4.912354321052598838e-01
4.850510667615346994e-01
4.853477825993349204e-01
4.973790783621285239e-01
5.024580703071729326e-01
4.934113096574328505e-01
5.000727375887159543e-01
5.010094191235798800e-01
5.052506369462362867e-01
5.037845374681165778e-01
4.854699567316503872e-01
4.870058668414066760e-01
4.820839671437519014e-01
4.771737101145664961e-01
4.790586890906834983e-01
4.740727983502736609e-01
4.723565310186414457e-01
4.790761420394847869e-01
4.770515295826230906e-01
4.761032205056829336e-01
4.776624019895535089e-01
4.796230210765228263e-01
