4.317458054977154625e-01
4.278896666293626749e-01
4.214263984484299952e-01
4.246225767823571529e-01
4.386781253138362091e-01
4.457359016532297935e-01
4.574134017336033420e-01
4.587387753944942581e-01
4.601186995198079943e-01
4.428560740153966169e-01
4.432596814559623399e-01
4.457086201486558652e-01
4.432814901878520120e-01
4.528154834519759753e-01
4.547571876387882517e-01
4.429978812242911235e-01
4.375927300625789274e-01
4.313858247931171563e-01
4.171121060384712642e-01
4.155249261462579669e-01
4.126560047833494616e-01
4.091980229452141238e-01
4.049328131357994298e-01
3.982950260116947527e-01
4.200410315486877155e-01
4.230408614814856749e-01
4.313094710510330665e-01
4.355583105396041432e-01
4.512173989211064606e-01
4.593660121953403452e-01
4.629221723247115006e-01
4.635384952147131310e-01
4.598896273850990868e-01
4.488284567398012070e-01
4.449395886836403635e-01
4.421197499212757842e-01
4.625240103856884666e-01
4.803266203098567333e-01
4.824046802043696625e-01
4.902369438733551466e-01
4.998909361599069845e-01
5.101121665542251993e-01
5.194388882341876013e-01
5.171262921590467077e-01
5.143555392697631845e-01
5.092503733921065479e-01
5.020835092140154554e-01
5.000000021816912721e-01
4.966183860849423537e-01
4.845809003911649704e-01
4.976328812770007826e-01
4.840791244769743762e-01
4.809374796993621803e-01
4.987946302703422097e-01
5.032452952961093962e-01
5.095612884042687307e-01
5.204206466025184108e-01
5.197224939252114151e-01
5.194061514104599819e-01
5.088958556425815516e-01
5.055360526411049049e-01
5.052906058221696695e-01
4.979764840248357416e-01
5.015708341153968242e-01
5.033598073648593019e-01
5.069814193247723644e-01
5.122938453327112729e-01
5.029998348416033771e-01
5.004963380485674129e-01
4.986473644697569929e-01
4.945566926933132601e-01
4.907005527341147255e-01
4.757832443113096388e-01
4.731433907197273303e-01
4.749869182515722987e-01
4.979765036600576900e-01
5.086940671941379000e-01
5.054651618540940694e-01
4.984564741148956313e-01
4.873352998677126235e-01
4.862335473857595236e-01
4.799175504596404074e-01
4.819901588529594827e-01
4.794266682756494480e-01
4.970765559892330598e-01
5.007199712268075587e-01
4.993400574645276979e-01
4.912787047527255591e-01
4.859662874715520164e-01
4.871225849636995897e-01
4.808284098596180556e-01
4.753305455434346793e-01
4.586678720627583861e-01
4.427088022151601798e-01
4.409034510089344661e-01
4.319966999998847701e-01
4.330875456614903252e-01
4.354219504685207798e-01
4.373418459234433842e-01
4.391471900391723526e-01
4.450268514277633258e-01
4.452013861881973789e-01
4.439250989458102259e-01
4.483102985054646661e-01
4.452941107965480150e-01
4.460195198889788104e-01
4.495047625056204366e-01
4.540154164068562759e-01
4.626003657640410105e-01
4.708526213754296030e-01
4.711144210616780015e-01
4.573752275896754149e-01
4.477976032262013240e-01
4.477157887107352519e-01
4.382527075051123600e-01
4.191628997002495027e-01
4.106597512229601121e-01
4.100979706160386984e-01
4.101906919518523709e-01
4.077581077627404627e-01
3.969151067951864897e-01
4.017257323449073270e-01
3.962442356224534779e-01
3.889846555627770597e-01
3.816432642601714775e-01
3.851885082970070151e-01
3.853685027399773588e-01
3.674622733864132407e-01
3.647351592323992975e-01
3.662623415223785761e-01
3.627825367713599647e-01
3.625261874954598951e-01
3.628425338281711099e-01
3.616480561924445558e-01
3.465725740578610159e-01
3.503796232351731321e-01
3.489997040186649246e-01
3.414346915371215818e-01
3.287208837148401508e-01
3.329097310554055555e-01
3.338478594152319845e-01
3.377421806088552469e-01
3.356368359372313703e-01
3.327461025698962294e-01
3.354623093581398097e-01
3.387402972987275662e-01
3.410037987740220933e-01
3.496432904142871001e-01
3.466980104004890317e-01
3.510232134487550892e-01
3.585118716427915242e-01
3.669768443398845892e-01
3.635952200617931229e-01
3.716129427650909367e-01
3.798924651546370379e-01
3.783052830807324129e-01
3.877629133305842135e-01
3.858921157480448283e-01
3.983877468020855517e-01
3.936643867236019334e-01
3.926662580344273401e-01
3.931189568023023551e-01
3.937407464653371880e-01
3.932989512452726988e-01
3.893664526351846566e-01
3.862466340429926981e-01
3.836613276432961905e-01
3.871465784412803091e-01
3.979077725292877732e-01
3.930916916604133560e-01
3.977332459501962125e-01
3.977223434932312118e-01
4.122469382056702103e-01
4.171939232810515374e-01
4.204937330436768761e-01
4.187156491610314335e-01
4.167085024158653228e-01
4.107961085669293855e-01
4.110524572974066371e-01
4.144122608443061573e-01
4.169921201061914662e-01
4.196865088903571905e-01
4.162121605493379617e-01
4.188083824961473800e-01
4.258443375589261448e-01
4.328584680725531819e-01
4.308949426091261969e-01
4.276605814045058573e-01
4.307094933924249247e-01
4.133705130550837104e-01
4.135123235365152916e-01
4.079108321550163341e-01
4.014584757032367834e-01
3.948097713957507970e-01
3.933262196596987170e-01
3.915863202840150215e-01
3.905991098690674290e-01
3.875447425619946706e-01
3.963696806918467486e-01
4.034438224432785325e-01
4.080799165051022248e-01
4.099179892632162647e-01
4.234444727400112352e-01
4.234117528243913631e-01
4.263079507830683790e-01
4.276878656361938758e-01
4.345056401127721513e-01
4.301149846885412020e-01
4.302622510345492923e-01
4.232699308890803813e-01
4.274205991769123858e-01
4.348110763525988576e-01
4.319039753915341340e-01
4.261224895670647772e-01
4.291659544171726459e-01
4.474212527461820521e-01
4.502956294282443039e-01
4.539826834010884937e-01
4.574679391078781410e-01
4.620713094361221795e-01
4.520846239491970731e-01
4.519591783343809288e-01
4.492593413215582587e-01
4.398017105262835846e-01
4.405053108868246525e-01
4.425015524479117279e-01
4.335893330295603754e-01
4.334693394613610140e-01
4.205046360460645838e-01
4.081453525183820763e-01
4.077853838130860442e-01
4.046819229970127219e-01
4.007166973808080068e-01
4.044855707779237419e-01
4.144286262563444123e-01
4.177666150717030957e-01
4.253534531932438023e-01
4.260461423700546701e-01
4.322039666752409692e-01
4.289477880119656472e-01
4.294877560690376073e-01
4.301204394622720750e-01
4.388362984801918998e-01
4.401180415871556173e-01
4.437451088662224263e-01
4.502356356439701779e-01
4.604077758018247923e-01
4.612313615492228402e-01
4.580133663020635737e-01
4.472140013426652017e-01
4.407998272161559039e-01
4.374836553140293294e-01
4.287132561947205600e-01
4.236190047733311426e-01
4.184429475632410189e-01
4.217209349584059574e-01
4.307040506179963257e-01
4.302349820747004561e-01
4.317676229563704449e-01
4.305513327707943816e-01
4.286587144570630503e-01
4.048346402987918480e-01
4.046546584005465963e-01
4.028165818244726637e-01
3.974714375371825592e-01
4.006839769197653167e-01
3.994185959523028351e-01
4.187974680398801608e-01
4.211809663559111794e-01
4.219063759937647373e-01
4.190320031296623782e-01
4.281132954442200544e-01
4.244535017044593905e-01
4.303277066830510922e-01
4.314185485266968101e-01
4.422179216674376745e-01
4.414925125750068791e-01
4.431287859762207404e-01
4.445196120130765483e-01
4.301477166034633481e-01
4.331911721813830884e-01
4.449014030858330360e-01
4.494502262221913291e-01
4.546590104383981257e-01
4.489920764985452784e-01
4.483212042349665194e-01
4.538027053208030237e-01
4.585806071369440962e-01
4.577352044763139394e-01
4.536772526154900786e-01
4.550353625546857961e-01
4.664074236681184371e-01
4.692054455172509075e-01
4.731543100848000227e-01
4.806156949556049662e-01
4.919986617985394606e-01
4.933349504611204694e-01
5.027053234210776544e-01
4.919223042384955891e-01
4.856172130418784372e-01
4.770868048769283387e-01
4.799502747386429347e-01
4.755923419571460586e-01
4.767977302311799948e-01
4.736233611745653826e-01
4.708362499637402943e-01
4.750632812658445170e-01
4.728870458072098604e-01
4.507701565632308283e-01
4.515773796257048223e-01
4.393871799026853320e-01
4.433687725671968671e-01
4.488339033321896432e-01
4.443887099882610769e-01
4.527500392573536869e-01
4.536390768352936975e-01
4.620004061043862520e-01
4.615858836621304917e-01
4.586951486585268412e-01
4.560171214684395347e-01
4.508246977554654644e-01
4.518446395399123294e-01
4.499465702704099623e-01
4.489920726805854967e-01
4.464776728851617693e-01
4.448195912974811095e-01
4.429433302144455964e-01
4.427033474414293623e-01
4.435923899281748461e-01
4.479939598086729591e-01
4.464013136888493882e-01
4.500011120080674165e-01
4.485775540562895181e-01
4.481684858423417017e-01
4.527391291644691229e-01
4.453595582637074335e-01
4.459049772765503739e-01
4.447104996408237643e-01
4.470667257244689829e-01
4.474267075199129806e-01
4.486429938875292067e-01
4.543044894163361103e-01
4.588042234070764946e-01
4.614058924916970561e-01
4.621203991271628508e-01
4.568297998500672197e-01
4.504483538205202309e-01
4.477376067148129968e-01
4.478848605160959950e-01
4.431069597908006141e-01
4.376309183875004005e-01
4.250971044627664952e-01
4.200682966905767146e-01
4.168612164451074853e-01
4.163594236228090884e-01
4.304204247463276900e-01
4.272678769663277865e-01
4.306004148259154896e-01
4.315167246362413556e-01
4.346201859977374959e-01
4.365291626330102814e-01
4.403798461822094334e-01
4.444977945544216213e-01
4.489320838051167328e-01
4.549153640776808505e-01
4.600423397780727397e-01
4.639257476062744190e-01
4.711635162069470750e-01
4.754178121055174788e-01
4.825246710454549337e-01
4.833591663403146721e-01
4.825519421869950421e-01
4.737160939642584001e-01
4.747087635163194652e-01
4.798684591323311710e-01
4.954948281436364899e-01
4.951839338575419469e-01
4.935858449632897771e-01
4.887043040825308493e-01
4.814774603011592324e-01
4.841882128610947023e-01
4.952602930538543280e-01
5.077014030963051816e-01
5.036543586012517393e-01
5.033980044165460299e-01
5.014671983233160990e-01
4.935476604563280856e-01
4.988164433656144814e-01
5.011126811192139208e-01
4.916059628145898475e-01
4.912732505244175041e-01
4.805175193914833498e-01
4.794539465076863571e-01
4.788757939436527611e-01
4.770595348262338664e-01
4.801248122261911333e-01
4.879025390663247475e-01
4.998363889680212391e-01
5.010581437449390663e-01
5.043143267715970435e-01
4.910605438017467961e-01
4.813683811892269793e-01
4.839427736780791411e-01
4.806102401818740932e-01
4.915132365699707018e-01
4.791812301834794674e-01
4.778067662861249509e-01
4.792957722504850859e-01
4.828737443842828769e-01
4.832773556428084372e-01
4.931113292821827088e-01
4.905532902060664724e-01
4.875752864586887503e-01
4.868226007704895553e-01
4.828410211961260412e-01
4.867571440311421194e-01
4.874225609755671318e-01
4.813138339973412339e-01
4.798084658934798630e-01
4.815101867618530873e-01
4.770322615030023750e-01
4.887097583108389043e-01
4.883006955511194347e-01
4.954239242664777998e-01
5.013963080817280815e-01
5.040579780411196253e-01
4.857917483477353637e-01
4.813738277816154154e-01
4.919768612479923364e-01
4.890915581103606469e-01
4.917750368016419182e-01
4.850281596571484055e-01
4.851863371868866404e-01
4.965583977548964634e-01
5.024544332822910020e-01
4.936731109799497585e-01
5.000981897451152181e-01
5.006272586177592521e-01
5.046034003264996404e-01
5.032780223022260691e-01
4.862499100706836330e-01
4.843682023952596838e-01
4.821919620278195540e-01
4.765959270563199235e-01
4.789903278293159428e-01
4.731761231800722944e-01
4.725761542482294630e-01
4.789521482311597245e-01
4.768631771529165397e-01
4.761159484201394898e-01
4.776267669343491340e-01
4.796612000928945907e-01
