4.320262153959551488e-01
4.282583081993424634e-01
4.205633478941842029e-01
4.260766091760442298e-01
4.398084346272764789e-01
4.454603031222827969e-01
4.566870269219251433e-01
4.582219063151438121e-01
4.586017808683239827e-01
4.460352480867322278e-01
4.428576737084756187e-01
4.473955819073112683e-01
4.435404075711091854e-01
4.517281657456585497e-01
4.543256607414387083e-01
4.431143437892513526e-01
4.378526094433747851e-01
4.308917364212245249e-01
4.166209028250187907e-01
4.157533612271004930e-01
4.122061934518570503e-01
4.070266005543081156e-01
4.034486226775287898e-01
3.982074378105602275e-01
4.209534938501140466e-01
4.225756475696698655e-01
4.306966737100422771e-01
4.352756536597200410e-01
4.494643463209372913e-01
4.615740134325616029e-01
4.614097459360804176e-01
4.630010936608133787e-01
4.590073269982998805e-01
4.480526714001230038e-01
4.450291038957197576e-01
4.403936484277798380e-01
4.618460821473661104e-01
4.789813496561818318e-01
4.834936016783956125e-01
4.906546728564332716e-01
5.001822548997670870e-01
5.119377257084158916e-01
5.186316608404146766e-01
5.171019122718488736e-01
5.126923193498446052e-01
5.083545980134354103e-01
5.019019168746530202e-01
4.982931509699204953e-01
4.987140962472644823e-01
4.845869976088231224e-01
4.976309547793949517e-01
4.838170001999742564e-01
4.811989639387121431e-01
5.007623260688172095e-01
5.045610449069833914e-01
5.103361060675940530e-01
5.195351387444697711e-01
5.201408635234461286e-01
5.205823392861501642e-01
5.093145509224136225e-01
5.047561004314178312e-01
5.052334981267627700e-01
4.980262166731429518e-01
5.030158802508584159e-01
5.054798978314671842e-01
5.075537966631200604e-01
5.116451141881119824e-01
5.042992239813283151e-01
5.011165156983840019e-01
4.973383478791433276e-01
4.932624377149457673e-01
4.913014817063909301e-01
4.760091129852309644e-01
4.742175522177755620e-01
4.751518289299057618e-01
4.972972905017969958e-01
5.084675546966903603e-01
5.063834003758006519e-01
4.977490274004680026e-01
4.871023716898411071e-01
4.856393561821307769e-01
4.800234250199394981e-01
4.815018442950700917e-01
4.793304171878607356e-01
4.959831443698781150e-01
4.991247685818412383e-01
4.992377088382438100e-01
4.926618355471963362e-01
4.853724177786401528e-01
4.882573847433058778e-01
4.813837783474057552e-01
4.753777073893544758e-01
4.592845219177053018e-01
4.428371386030632850e-01
4.399419038290218742e-01
4.326114220097106444e-01
4.331555640593718892e-01
4.376524082074524924e-01
4.362869327820984577e-01
4.400497055606843455e-01
4.440999544148687694e-01
4.448648286991515599e-01
4.438124860393571902e-01
4.487816083515908105e-01
4.462662455640337145e-01
4.466923139659437769e-01
4.484273945950846829e-01
4.538379936967005257e-01
4.632269623668184289e-01
4.696231731207300419e-01
4.712350564642144857e-01
4.576264436988126683e-01
4.475855307340318445e-01
4.481502027557140999e-01
4.378680239909167327e-01
4.205120211674446828e-01
4.111230396638483886e-01
4.105943049749812279e-01
4.110152435789163894e-01
4.074475391582432771e-01
3.967238882241157505e-01
4.013388024265738263e-01
3.973039604198443375e-01
3.893369355065946502e-01
3.807385044841292143e-01
3.843164746608215832e-01
3.852969544617859121e-01
3.691113751326075554e-01
3.656874041296815370e-01
3.660005379219193333e-01
3.628794308484988296e-01
3.613753471833203723e-01
3.627664957254875810e-01
3.616884804622190752e-01
3.475819271959728618e-01
3.497584841011570078e-01
3.497944178405981708e-01
3.423356002108903784e-01
3.285627117355812699e-01
3.322074185665028212e-01
3.335780371366490193e-01
3.375666832412922425e-01
3.355133148949992483e-01
3.328644921458013828e-01
3.361087944515218084e-01
3.394814320542996477e-01
3.408366432636518728e-01
3.494556001514251276e-01
3.480285219765298366e-01
3.497430762270237192e-01
3.581310366641737297e-01
3.658619343021470294e-01
3.638958443889043770e-01
3.712263349349808617e-01
3.799941714653283786e-01
3.799839031426134883e-01
3.878328554347900137e-01
3.852096945089444890e-01
3.973244939852391688e-01
3.930073134009729463e-01
3.927249717434012632e-01
3.947321262207381665e-01
3.930791813931943657e-01
3.939467219644343099e-01
3.902455468019985219e-01
3.854817570636794311e-01
3.837312690737443854e-01
3.867856389795965022e-01
3.976838303529722229e-01
3.930021794962850201e-01
3.973707011807865452e-01
3.973604400448195184e-01
4.123293943308874998e-01
4.161024359455273713e-01
4.194494096715963849e-01
4.190746659430693022e-01
4.162923775855000286e-01
4.107842394282061327e-01
4.115029142170285037e-01
4.146342793463811960e-01
4.174576553683057023e-01
4.201475503816847201e-01
4.164874402966822209e-01
4.186075370837782361e-01
4.255889523980886935e-01
4.329194275439910977e-01
4.319800123071209641e-01
4.289359076439488994e-01
4.309276624605786754e-01
4.139310144850483764e-01
4.132842092284647051e-01
4.076169441527862092e-01
4.028736884932012097e-01
3.950401332950360112e-01
3.936335804721094456e-01
3.911490180326449018e-01
3.899118758509917959e-01
3.885309961448785154e-01
3.960103437466072074e-01
4.031611645687998013e-01
4.093212341872783377e-01
4.107739813722738886e-01
4.231300543486720689e-01
4.235407271965879739e-01
4.257429561919072181e-01
4.277141728230898221e-01
4.342130375438194023e-01
4.306812617291960188e-01
4.279605668810637087e-01
4.236998505215986421e-01
4.296083855040066513e-01
4.351165123678397140e-01
4.326884203132459472e-01
4.273856255099882651e-01
4.302500630159721284e-01
4.472364529355701279e-01
4.502189481757921663e-01
4.551829355566596180e-01
4.567178221366261504e-01
4.613892118573463819e-01
4.512918367211207205e-01
4.510967688765472050e-01
4.505218352055587738e-01
4.396441768842389020e-01
4.401421209784572852e-01
4.430630180891901859e-01
4.339358374910226579e-01
4.345569773308801675e-01
4.202964125707283616e-01
4.081200072648575317e-01
4.074167429168639165e-01
4.043213012601696854e-01
3.990441764936905611e-01
4.039362974223539848e-01
4.150038876302030166e-01
4.175551831305228667e-01
4.250550766177857431e-01
4.257070193724312723e-01
4.317644185972394633e-01
4.295827236806543659e-01
4.304605341146267028e-01
4.303732587616112548e-01
4.384121516670822505e-01
4.394798980942967725e-01
4.430322085009933408e-01
4.504550867445295537e-01
4.601058671001981293e-01
4.606346058957783707e-01
4.583861784316771715e-01
4.451882380008522766e-01
4.411995903561917176e-01
4.377550852745316079e-01
4.278989723449485583e-01
4.242337273285798349e-01
4.184484009252892323e-01
4.223857105497493825e-01
4.302500666093460602e-01
4.301987291024848559e-01
4.316412146381742310e-01
4.318260177534068434e-01
4.272675672624110521e-01
4.042648334419945422e-01
4.044855774834162365e-01
4.035564305692608267e-01
3.982895710454617544e-01
4.020420785813674791e-01
3.992649154017208213e-01
4.185972646543502651e-01
4.191927390774814466e-01
4.218107686653348454e-01
4.194494127516311677e-01
4.274523693509653666e-01
4.251628706493612020e-01
4.305272656354645622e-01
4.318208787153276496e-01
4.421595283783349428e-01
4.422570679473521449e-01
4.426164084217982797e-01
4.451061027125942093e-01
4.288640483784927349e-01
4.340744370040819367e-01
4.446851579485894268e-01
4.489664032533972060e-01
4.547568666414104621e-01
4.492436135729766522e-01
4.490074739775610224e-01
4.541613994050271996e-01
4.581038449875317053e-01
4.581243790662657411e-01
4.545258660840740816e-01
4.559580904837964854e-01
4.682012242304703920e-01
4.689199000459711719e-01
4.732422186416383458e-01
4.810860406225009878e-01
4.921074236348026432e-01
4.921228274022228510e-01
5.048023143003738111e-01
4.926053646489862992e-01
4.851568122619586143e-01
4.774823978423345383e-01
4.799310239756623964e-01
4.768047855642497668e-01
4.779392686456934713e-01
4.741456847388934026e-01
4.706241777603241139e-01
4.750440323316346136e-01
4.739300874356379700e-01
4.497928869606301339e-01
4.518565082294638269e-01
4.396698381942520939e-01
4.438792252602820620e-01
4.486019396543851068e-01
4.449110333280033025e-01
4.526470504971686348e-01
4.539919964638407524e-01
4.617126139722990130e-01
4.614713440655694998e-01
4.596181969754250529e-01
4.557476198984811155e-01
4.492744128943907955e-01
4.544950744627470063e-01
4.495413512978813642e-01
4.484325336331639322e-01
4.464767125559752081e-01
4.447672963168822213e-01
4.423751292749643627e-01
4.416307890694155525e-01
4.442334231032749603e-01
4.475957995700858283e-01
4.468771160544980359e-01
4.496850857423067005e-01
4.475547278192437695e-01
4.487508038967852331e-01
4.530525858470227929e-01
4.448802268198412957e-01
4.459017670781867393e-01
4.453935623613405337e-01
4.484992615606278044e-01
4.479140595669245384e-01
4.480526554866098299e-01
4.548954707745219150e-01
4.583143073594210248e-01
4.617998800852100572e-01
4.614354139195023241e-01
4.559580868904226092e-01
4.501984202571276961e-01
4.473339919912482365e-01
4.478781222341094992e-01
4.434326114861771306e-01
4.358249255073560757e-01
4.237614604578878175e-01
4.209534866633660721e-01
4.179863910838511609e-01
4.175141154863938886e-01
4.303732633816634290e-01
4.276987628956000487e-01
4.300293266746375020e-01
4.313794065459975458e-01
4.334789697676986187e-01
4.371288079366122958e-01
4.398905709422127330e-01
4.445106272627847299e-01
4.489048117973167829e-01
4.544437333625117592e-01
4.600904643594562748e-01
4.633963653080049316e-01
4.707627901068616727e-01
4.746076997137229081e-01
4.834063319721105811e-01
4.844227403791246389e-01
4.828159899136497124e-01
4.743099640421745700e-01
4.752442412676438632e-01
4.791610142466742328e-01
4.959061419596297871e-01
4.948999941752434406e-01
4.930365710622972020e-01
4.876105728133133255e-01
4.829443262373854795e-01
4.854545546069154449e-01
4.951925979954603374e-01
5.073792834308461508e-01
5.040785009868113953e-01
5.036164947387471447e-01
5.020199971958131391e-01
4.939297791036200147e-01
4.998691134074422227e-01
5.029440209854023625e-01
4.927388343640707324e-01
4.903672065342782327e-01
4.800490981367528942e-01
4.788581513438470161e-01
4.792380197369574546e-01
4.774567319122691167e-01
4.812811069270571118e-01
4.878775142968387879e-01
4.992787754556945456e-01
5.013424054512936046e-01
5.044070482999128968e-01
4.902799470947759031e-01
4.814505150016349377e-01
4.834833338690197047e-01
4.811681774507764464e-01
4.912758178296820488e-01
4.806907669219530055e-01
4.779238730916994804e-01
4.791302190319732257e-01
4.826157922711015180e-01
4.842482066132851592e-01
4.936577144955286434e-01
4.898127971885802845e-01
4.863015631527781157e-01
4.869740369061228424e-01
4.832677360524252896e-01
4.867276279613140244e-01
4.872101682881121998e-01
4.813375742318932171e-01
4.787298104000590193e-01
4.815685794092818273e-01
4.774053944054079124e-01
4.885140496906902885e-01
4.874360385341347524e-01
4.961730762564073305e-01
5.035702998633388994e-01
5.046072510758524698e-01
4.870048326341630540e-01
4.815018437817309427e-01
4.909421617655103098e-01
4.882265823418569517e-01
4.919277564776146083e-01
4.860551598546997698e-01
4.864401642058546749e-01
4.963270728634778806e-01
5.024409589000092824e-01
4.934626440842593831e-01
4.992890406983745977e-01
5.011884057641882162e-01
5.046483187199815035e-01
5.021021525042972389e-01
4.860705636221199222e-01
4.837194688443831603e-01
4.820511161427061264e-01
4.778674016801502944e-01
4.809525703940775720e-01
4.754803777830247102e-01
4.729650108887546445e-01
4.782010680111048462e-01
4.766969838325871844e-01
4.753879690386604295e-01
4.774567247255213087e-01
4.788530112790894688e-01
