4.317615600967857348e-01
4.285762946434599208e-01
4.223075609691287480e-01
4.262685418018514749e-01
4.416518911864211194e-01
4.473242939597934509e-01
4.553529165747495777e-01
4.595417600367526223e-01
4.595126727583909720e-01
4.471691553442608269e-01
4.433633131270706684e-01
4.475666968345125007e-01
4.441923475879459571e-01
4.514016234211424838e-01
4.539566287948711976e-01
4.432130202903770133e-01
4.384714671485516746e-01
4.313203755684842378e-01
4.160679218454637063e-01
4.157333972970322367e-01
4.113991101709165155e-01
4.065072724343425370e-01
4.029777777847592390e-01
3.984204733233818740e-01
4.187780765007715900e-01
4.229960154830812447e-01
4.314658274745418187e-01
4.355237670330507904e-01
4.498405093466157911e-01
4.627076389809804957e-01
4.610931874018042720e-01
4.614083152599114945e-01
4.590424038606495949e-01
4.473146033717559367e-01
4.453316898235649690e-01
4.397659475148830710e-01
4.611465166645087876e-01
4.791479009699551317e-01
4.838797451005719119e-01
4.907011588806873825e-01
5.013720627642457295e-01
5.114708704588837307e-01
5.177735308877515763e-01
5.185734809791868738e-01
5.133810488424602747e-01
5.065790138143181354e-01
5.016629287603779908e-01
4.970765360509984965e-01
4.989237110677231524e-01
4.846118106544347603e-01
4.964220407745424946e-01
4.849802818350351097e-01
4.812277669412684533e-01
4.999660790633067009e-01
5.034325528925074344e-01
5.105836517448794076e-01
5.199406742083992894e-01
5.214436016056953616e-01
5.201103496756286360e-01
5.087267788678127012e-01
5.057354381383637465e-01
5.045136851795217758e-01
4.987394701443997325e-01
5.020750424942078682e-01
5.051100112322778335e-01
5.077377401349337793e-01
5.112623894904985145e-01
5.031464948592312414e-01
5.022980525571649757e-01
4.980558827413791856e-01
4.935034206650988908e-01
4.908611505473634562e-01
4.773443665671787128e-01
4.745178555261199138e-01
4.756814247166528675e-01
4.963153861276957124e-01
5.077183647767025132e-01
5.052748714643465755e-01
4.984389014397226370e-01
4.892709409525301534e-01
4.867935131285127115e-01
4.818192598205130461e-01
4.812035361077923734e-01
4.791721366516341618e-01
4.944197416868940653e-01
4.997382125554639676e-01
4.995491336104263547e-01
4.918356446714210461e-01
4.870068350275340019e-01
4.867450315839283448e-01
4.808932549981645987e-01
4.745808918607520299e-01
4.596823584068465696e-01
4.435039105275239701e-01
4.401925845254414660e-01
4.329930046133055321e-01
4.338123518798853717e-01
4.378993835649589439e-01
4.361443370094307825e-01
4.395235310651958160e-01
4.442844697464786163e-01
4.450941186678963324e-01
4.454528885944128991e-01
4.489048095728473409e-01
4.454577367973533431e-01
4.481727260806335211e-01
4.481969646712343214e-01
4.539420880646121148e-01
4.628094473641679585e-01
4.690684807540557721e-01
4.716525729213258411e-01
4.582860856563972241e-01
4.485702859940564058e-01
4.495884076419143227e-01
4.378266692476171507e-01
4.214348888032268814e-01
4.112439604045170505e-01
4.105409758263520170e-01
4.102500817106426445e-01
4.068175574225325608e-01
3.982265447209428211e-01
4.001367342553863171e-01
3.971163057627551396e-01
3.889858679771273642e-01
3.808117973346759610e-01
3.841909913904409946e-01
3.851509370271147259e-01
3.688367399502794353e-01
3.665726301467208681e-01
3.657969118584022405e-01
3.641921537761850791e-01
3.610602151614623612e-01
3.623983167489303603e-01
3.630673673002542401e-01
3.481446030128726998e-01
3.489784944034536873e-01
3.498560181660380075e-01
3.413377251148132507e-01
3.282378836785872500e-01
3.318643375387770877e-01
3.331588106328040588e-01
3.387003056241197907e-01
3.364798199506196519e-01
3.320582661412160852e-01
3.366349663232769962e-01
3.402905118252110839e-01
3.403147504158119396e-01
3.491772576338649237e-01
3.473203988165869394e-01
3.492548342139356610e-01
3.563380558010393884e-01
3.660199287088435338e-01
3.640564050634925719e-01
3.707226918637624991e-01
3.788337402313703972e-01
3.805596995085368528e-01
3.882586414146192988e-01
3.852769980606916000e-01
3.971453974044993895e-01
3.932232021953003809e-01
3.935431782563481029e-01
3.930971416465438018e-01
3.932425925829608482e-01
3.942073839984735484e-01
3.905663821357203691e-01
3.851170000913517466e-01
3.844915819120312550e-01
3.872502103547988406e-01
3.975429466518758392e-01
3.923796129443775649e-01
3.975671963933434805e-01
3.987937951310241425e-01
4.139832037926475250e-01
4.175466319842518481e-01
4.197283233074629583e-01
4.181671975972492405e-01
4.167321382536355867e-01
4.113457770296496396e-01
4.108706507173821576e-01
4.157091562823298503e-01
4.176145107039807569e-01
4.196071177491308979e-01
4.163248824191520536e-01
4.177551081044340586e-01
4.247559179986745148e-01
4.322512324723354893e-01
4.321154764873386123e-01
4.292114005018960454e-01
4.319506327391596789e-01
4.140122920406497098e-01
4.152873713532743150e-01
4.075641830994662929e-01
4.022844876731938579e-01
3.947988623331093461e-01
3.932280411866552750e-01
3.907506099688958234e-01
3.905857759171227905e-01
3.888064859227908787e-01
3.959866739928055157e-01
4.033995825914467037e-01
4.087277566533817907e-01
4.117966666905973905e-01
4.217936626083057527e-01
4.233935710331214186e-01
4.261861368964723895e-01
4.282999499847748859e-01
4.338656787184885233e-01
4.306173803242727138e-01
4.286150739643198038e-01
4.228747997435230443e-01
4.287896102398172093e-01
4.350292450000996514e-01
4.319021555579579119e-01
4.277763334011577268e-01
4.307628322303302948e-01
4.467909896970606032e-01
4.482745349486412234e-01
4.561722531752829823e-01
4.573503698835590381e-01
4.611513634129884576e-01
4.503980575329726843e-01
4.515907144866874723e-01
4.510477215751984570e-01
4.402459254238330622e-01
4.405465159454233226e-01
4.430094040088222718e-01
4.342729292199487556e-01
4.334826735951132770e-01
4.215076099080528049e-01
4.084804866677307911e-01
4.078162925612923706e-01
4.043207319385502818e-01
3.991913332275339177e-01
4.050382645192789344e-01
4.140898579546740121e-01
4.176145029468559811e-01
4.250516525601996110e-01
4.259243339376869719e-01
4.322803245989000898e-01
4.296332028844820905e-01
4.307967696509135136e-01
4.305204177199242199e-01
4.389708354451620220e-01
4.394944423323732807e-01
4.431015111379258964e-01
4.509943797071663263e-01
4.601526379706344372e-01
4.607004834484464961e-01
4.581648723409405544e-01
4.454141083039124260e-01
4.410507217789277346e-01
4.381514983598083224e-01
4.278005831426254235e-01
4.231269121142709477e-01
4.182835622249451712e-01
4.231414591471938658e-01
4.321591166164666098e-01
4.306658686563412108e-01
4.312718940238998155e-01
4.316985387915829309e-01
4.265642933320868968e-01
4.036516775086640973e-01
4.042868017902714883e-01
4.029826303510822827e-01
3.992640606350236210e-01
4.000009855426937544e-01
3.994192021594780151e-01
4.182690132527411286e-01
4.194471260824548242e-01
4.217403280125779919e-01
4.202858705241793169e-01
4.278151301755482305e-01
4.250419513061156618e-01
4.303167975598071182e-01
4.317470159727846424e-01
4.425197233913275019e-01
4.422433797022831126e-01
4.443232597333850453e-01
4.442262971290364959e-01
4.283969096802016097e-01
4.325566648942024695e-01
4.452007771933054747e-01
4.485799741579923339e-01
4.550765617348384584e-01
4.496126462325152340e-01
4.491714578256513213e-01
4.541214725430500754e-01
4.577673240632046947e-01
4.583297136650179571e-01
4.556292607486142621e-01
4.555856356489152437e-01
4.684818511071807690e-01
4.692042328604904000e-01
4.719871037724211460e-01
4.809611293545108524e-01
4.919132096158045919e-01
4.919229118395290756e-01
5.041937197845204333e-01
4.915883819580744163e-01
4.850481571610221199e-01
4.778000990980437734e-01
4.804520631975586209e-01
4.759286879148197924e-01
4.779697847464993710e-01
4.743142314874405630e-01
4.690878692024351149e-01
4.732621762975617319e-01
4.739748630994511935e-01
4.483860518582170607e-01
4.514695089283555229e-01
4.396059558482069973e-01
4.439887351849535757e-01
4.493362986649084290e-01
4.451619988420861818e-01
4.517894878983249596e-01
4.540875351224668011e-01
4.611222751649861618e-01
4.602495976660610499e-01
4.602738435289663865e-01
4.559637915997096225e-01
4.492732734811432094e-01
4.538402830751667172e-01
4.499180854418661779e-01
4.490987347815442732e-01
4.472515704308661078e-01
4.441293306461256418e-01
4.425003257313627758e-01
4.420639903756422573e-01
4.444250710254942782e-01
4.474358079604474625e-01
4.461316326426959522e-01
4.501168598231442552e-01
4.475618588127981967e-01
4.486769387016219524e-01
4.533118207127105892e-01
4.457001425809942741e-01
4.464225204557414339e-01
4.457631682495796777e-01
4.483860441010923403e-01
4.475957884762567507e-01
4.479303081764853256e-01
4.551783773903303465e-01
4.582036550555426135e-01
4.607004800547044310e-01
4.608507767699605018e-01
4.552753438732412006e-01
4.500732235725785624e-01
4.479303198121722951e-01
4.473970107012366082e-01
4.427088033060058714e-01
4.357273901020895512e-01
4.241547364706736989e-01
4.218227406750818531e-01
4.177987380523359162e-01
4.173672441120717669e-01
4.310682675611189341e-01
4.277520948105568710e-01
4.301180197847869757e-01
4.317615596119654953e-01
4.334535892256733969e-01
4.372739682945601114e-01
4.394314171486080056e-01
4.453365322086619282e-01
4.493944785546549192e-01
4.547905230943739552e-01
4.593187431863113845e-01
4.632021508327054393e-01
4.698393503546136052e-01
4.743239385593680524e-01
4.843791104882606002e-01
4.826482971903099939e-01
4.820762126370767287e-01
4.764232133415128301e-01
4.743821165098333070e-01
4.797878569706128804e-01
4.966062812130456194e-01
4.952342359023305107e-01
4.925725700639114191e-01
4.884225059227682575e-01
4.822313565856325424e-01
4.865317101697273494e-01
4.951033329684769724e-01
5.064335987546030315e-01
5.029768169679004197e-01
5.037331351721526795e-01
5.021720012199940575e-01
4.933337369559245289e-01
4.993358112265847693e-01
5.033452842699384089e-01
4.925919643301341910e-01
4.899787795514792821e-01
4.806072134487784364e-01
4.785515724930976544e-01
4.791188098130310657e-01
4.779891775582611468e-01
4.816010872944498922e-01
4.888200609879882474e-01
4.988364497174585521e-01
5.015369026338621916e-01
5.036264877976104337e-01
4.894794224057356091e-01
4.824834684715602062e-01
4.832785698752348202e-01
4.816738161564004250e-01
4.917483736247504900e-01
4.803357063269874105e-01
4.783188597215957127e-01
4.795696931713149813e-01
4.840348875946668961e-01
4.841900296039416407e-01
4.921168409267885901e-01
4.892660912951287688e-01
4.858141766193582733e-01
4.867983618162734505e-01
4.827695105057667746e-01
4.868759272454774578e-01
4.869050154934796426e-01
4.814410990215158836e-01
4.781297754435347991e-01
4.806993244564443657e-01
4.777273736298353057e-01
4.885921910864035600e-01
4.884031116565455410e-01
4.965093147301348209e-01
5.034955814700147192e-01
5.039949497666250666e-01
4.865995806475112984e-01
4.817125983861821892e-01
4.908708644067749649e-01
4.897024348927943027e-01
4.920489631767002714e-01
4.869777433857895854e-01
4.879376895072836673e-01
4.967274761053311893e-01
5.017696255865904398e-01
4.923640978222915687e-01
4.987782703125323014e-01
5.012605589448178023e-01
5.052700290792496718e-01
5.006739263890209735e-01
4.871086472892838248e-01
4.830119167742278896e-01
4.816253302484334586e-01
4.790800237046870524e-01
4.810774842858010492e-01
4.756668922283388001e-01
4.718271082271827677e-01
4.775188970248327447e-01
4.772716377052282910e-01
4.742609056184778904e-01
4.777467606237537079e-01
4.787648890590956441e-01
