4.300412149875906809e-01
4.293201122667674174e-01
4.230552037480057037e-01
4.257007924606538429e-01
4.416202509464585146e-01
4.467552665812669632e-01
4.546185423321632557e-01
4.602633783512002918e-01
4.569334293554322413e-01
4.464934672969091412e-01
4.428557813242816610e-01
4.482204385726472062e-01
4.449915354142948143e-01
4.512564347469877335e-01
4.537734194160323864e-01
4.432507864133729547e-01
4.381157629704062195e-01
4.318830231457276292e-01
4.175894914761558718e-01
4.158808845297179424e-01
4.118390198004626690e-01
4.071495330920602562e-01
4.032913805513225758e-01
3.985927114486181866e-01
4.201340430781538293e-01
4.232343417335993618e-01
4.319013994169171866e-01
4.370547775438121119e-01
4.500852169549453552e-01
4.625598950742244031e-01
4.621924550808725884e-01
4.608466905003873459e-01
4.593723365740087217e-01
4.474947529221346976e-01
4.454508535484701381e-01
4.395487979596403583e-01
4.618755334131940948e-01
4.779419735917022072e-01
4.839588486094003050e-01
4.904212406116149614e-01
5.010357508364912116e-01
5.109842651075479081e-01
5.180161965861037610e-01
5.197615436737279548e-01
5.130924522646075348e-01
5.064371399585811950e-01
5.010632837809900764e-01
4.969157810985615487e-01
4.995154504908456694e-01
4.853137790492634829e-01
4.960660812236862283e-01
4.847029142055296336e-01
4.823466825241238820e-01
4.987989380485664537e-01
5.018670928123142305e-01
5.102126348749823626e-01
5.202392197069555246e-01
5.211578160159074935e-01
5.211761886126695664e-01
5.084167506302437189e-01
5.060697059361741745e-01
5.035435333611861797e-01
4.987621795352426557e-01
5.022712669759078485e-01
5.057206334872466069e-01
5.079666236171352933e-01
5.113057651118808611e-01
5.029188866585379003e-01
5.034975998024157073e-01
4.979354425356734559e-01
4.929703733060882276e-01
4.899389706254158594e-01
4.780154616822331337e-01
4.740654415646508579e-01
4.758888766667223602e-01
4.948167813881413357e-01
5.073603637496555407e-01
5.046826251743650182e-01
4.984590613137402926e-01
4.894980402450159196e-01
4.867008878285821738e-01
4.813729688841891230e-01
4.807896516826642985e-01
4.789340639621297857e-01
4.960614941602663475e-01
4.986795177771750076e-01
4.987667872673172687e-01
4.909953740409278566e-01
4.876929846292579751e-01
4.880144919824460636e-01
4.819011719698554352e-01
4.750116162891420135e-01
4.604379127384503612e-01
4.431772951077178058e-01
4.406786807389180827e-01
4.333206419832578149e-01
4.328154086624491081e-01
4.369261698257811410e-01
4.381019893789533382e-01
4.397738534283844314e-01
4.440453763061204540e-01
4.455059616933841338e-01
4.447251472293031194e-01
4.489323676259341367e-01
4.454141014653945074e-01
4.479907905288419423e-01
4.481699184097600597e-01
4.550502852659235598e-01
4.631064638671010814e-01
4.683930491766396531e-01
4.720491068274221824e-01
4.574294853342767975e-01
4.498877196923892208e-01
4.493044057059882856e-01
4.365082142625765216e-01
4.215946238723831119e-01
4.120273291570757390e-01
4.105667469849360596e-01
4.099512799207688518e-01
4.053904004710939257e-01
3.987350945953155867e-01
3.983033484464312823e-01
3.974168960291768471e-01
3.877898932450392078e-01
3.809784223636489275e-01
3.847676720400618477e-01
3.860031992027609382e-01
3.692937475330008712e-01
3.661521101903630337e-01
3.658260024539553568e-01
3.638004687875011633e-01
3.613753475615702482e-01
3.629599430394659376e-01
3.627256973682616570e-01
3.485378178902697743e-01
3.489282248926585672e-01
3.506552071916791413e-01
3.424750097731044107e-01
3.275752099685909635e-01
3.313828359161934967e-01
3.322187681705606188e-01
3.396548908069371708e-01
3.355257464828642067e-01
3.331787105155598061e-01
3.371011577292443162e-01
3.400269219974398904e-01
3.405872689748037363e-01
3.485378073262906939e-01
3.472747228760105220e-01
3.504622933181154587e-01
3.568603869729559119e-01
3.658168145480122924e-01
3.640347149180089836e-01
3.715627055905335596e-01
3.779883661783272064e-01
3.810289526312116704e-01
3.887130977453691627e-01
3.850478572409813394e-01
3.962364861974604913e-01
3.933704327539156997e-01
3.936735679696450885e-01
3.924610082752865714e-01
3.932647925042252468e-01
3.946197362638881323e-01
3.907524017881520706e-01
3.847217426150221775e-01
3.843083727373272640e-01
3.874591943114806258e-01
3.970586365929131278e-01
3.926906627493398916e-01
3.984044025513085452e-01
3.995664434606903126e-01
4.127116977076575322e-01
4.179339786988772176e-01
4.195415407265064012e-01
4.180809521241186655e-01
4.168086875760538268e-01
4.116369230732939144e-01
4.104519183699991136e-01
4.168086774713782861e-01
4.189352643241028851e-01
4.204463689556468542e-01
4.169143209361927394e-01
4.183749127537046975e-01
4.253792938342311203e-01
4.321631973233646673e-01
4.322137179455553535e-01
4.287230095319003453e-01
4.326913880078382402e-01
4.142503637605134403e-01
4.148336805027350027e-01
4.073975560291447362e-01
4.023176586439259350e-01
3.955429343339700865e-01
3.926998442250348442e-01
3.903436157587530930e-01
3.898980973963261931e-01
3.891907691855624463e-01
3.958644485767096599e-01
4.033694740774109722e-01
4.081002971764884912e-01
4.117930940498505388e-01
4.224581207631863955e-01
4.245066168456431144e-01
4.267342380531974899e-01
4.279100534726388294e-01
4.332884870682777168e-01
4.297748148607098417e-01
4.280845782145166756e-01
4.232297408910763448e-01
4.285898119946286444e-01
4.350062814613552820e-01
4.336237771989872591e-01
4.279100410714460345e-01
4.310700546852733739e-01
4.458688114081919562e-01
4.480642781600695512e-01
4.568002230913953410e-01
4.572595297429849492e-01
4.606216345723400107e-01
4.500438814828771616e-01
4.522623175403089335e-01
4.514998788881139924e-01
4.405408979754402710e-01
4.407613659214608126e-01
4.432553872558959718e-01
4.328245928939647436e-01
4.340876773442449710e-01
4.227153228794486295e-01
4.090097060388007688e-01
4.078706422431316869e-01
4.039711510152017571e-01
3.996491047594545321e-01
4.046555126762319543e-01
4.146958821229403402e-01
4.190317102376022174e-01
4.246030673521768439e-01
4.263713883383896674e-01
4.318968045453388527e-01
4.295451700320285227e-01
4.311022059258259875e-01
4.313364474632994106e-01
4.381525086232336275e-01
4.396268758694120149e-01
4.446929964480539343e-01
4.491114918324246585e-01
4.589451793257580126e-01
4.603690195194976020e-01
4.589911096694045400e-01
4.461627715784746151e-01
4.426490961557825177e-01
4.379733903876877887e-01
4.286862716872312795e-01
4.233813156181442383e-01
4.177870029771184601e-01
4.223616642857080383e-01
4.322412793668672926e-01
4.308358113105863474e-01
4.316579649211630398e-01
4.316947105739905588e-01
4.277630740764527539e-01
4.046646964484440501e-01
4.041824365669205998e-01
4.026391733459689370e-01
3.993505634966966755e-01
3.999338770237940710e-01
3.976235811976759904e-01
4.182876409670452933e-01
4.197987492730168024e-01
4.211812539946882539e-01
4.200697433528692848e-01
4.277401107418432047e-01
4.255078896103726693e-01
4.302570880620328886e-01
4.315936592249337567e-01
4.428190365900609438e-01
4.411471757557540174e-01
4.443209647982478971e-01
4.441739876985788538e-01
4.276849897364329300e-01
4.316441830622483877e-01
4.450971793384126407e-01
4.498831193091695213e-01
4.551099896603263972e-01
4.501541124704151464e-01
4.492722503317048144e-01
4.544394139919417097e-01
4.577509922281614574e-01
4.584675046704407286e-01
4.558540630646142344e-01
4.553304677110224796e-01
4.687742742440301202e-01
4.702716011503904059e-01
4.701659668716445251e-01
4.805508184887365419e-01
4.917256605339631048e-01
4.918450840204785512e-01
5.032036667310357814e-01
4.919690954890209023e-01
4.846799485744030522e-01
4.784563925219366687e-01
4.809917461133159655e-01
4.771841160319826858e-01
4.770784817532368050e-01
4.741481161832146740e-01
4.693851418435846523e-01
4.730963182032602021e-01
4.733489332561024443e-01
4.497728938332727910e-01
4.515733619263072596e-01
4.401137425644032208e-01
4.432737525038031312e-01
4.472926538984487443e-01
4.451477105245822408e-01
4.522026048784443808e-01
4.541684231272133387e-01
4.598637829835649504e-01
4.602863421451131587e-01
4.603690199788010307e-01
4.556887207170381981e-01
4.490058575536788332e-01
4.534565083123330842e-01
4.497361518548727011e-01
4.486062589709194914e-01
4.477289912444841757e-01
4.442566586427151853e-01
4.418636803898750021e-01
4.427593239281964466e-01
4.446746261478091156e-01
4.465807395428719739e-01
4.449915390887221878e-01
4.496994029869211262e-01
4.482112612306832222e-01
4.485373620775393588e-01
4.536310362693349307e-01
4.460663109672652893e-01
4.463281070364990000e-01
4.454462485722161524e-01
4.478713702574506073e-01
4.473661373959454401e-01
4.483398547103076281e-01
4.549584222821133617e-01
4.576545316169521871e-01
4.605113989917675732e-01
4.612325086021424880e-01
4.550732518156572759e-01
4.504021363261064836e-01
4.485878900485848475e-01
4.480826498382247669e-01
4.428741507059197335e-01
4.362142508771698068e-01
4.238681832317424125e-01
4.228898577260022384e-01
4.193670045020426729e-01
4.172220542386246844e-01
4.295497575547519431e-01
4.287965003782519546e-01
4.296737713198113262e-01
4.308909254264449706e-01
4.333573899326025325e-01
4.367837898942077413e-01
4.388965847833421474e-01
4.462867789132858309e-01
4.499612091608304887e-01
4.547012132762995873e-01
4.594044800064029377e-01
4.625461136746132351e-01
4.687926477593990504e-01
4.757510957404584295e-01
4.838807651879875049e-01
4.832974466085520615e-01
4.824201788821167458e-01
4.759761590173607337e-01
4.744834191744204399e-01
4.792785419987823370e-01
4.960155670317438203e-01
4.950280609689155509e-01
4.924605497067355286e-01
4.891994962264373803e-01
4.826452416997157324e-01
4.864023401355761500e-01
4.967091069533449144e-01
5.070112963530659655e-01
5.035986649305757012e-01
5.037594169996075788e-01
5.015685295029915780e-01
4.942242758213700182e-01
4.978435859821112586e-01
5.031944783657893439e-01
4.935169535815508435e-01
4.904442089985623920e-01
4.808952969846926884e-01
4.795862789756418221e-01
4.790488934956737554e-01
4.781854007386013850e-01
4.819654693986227811e-01
4.885564727932958928e-01
4.992812107905861829e-01
5.015823223851886281e-01
5.033093111144573140e-01
4.891489801972811469e-01
4.805002983258493399e-01
4.836373385003915892e-01
4.818644272356347735e-01
4.907978703481234994e-01
4.805645929987961695e-01
4.785528489994150259e-01
4.798572689217632803e-01
4.837200089852244922e-01
4.838623916726185192e-01
4.913352604211260188e-01
4.897001342163641024e-01
4.855664065032986865e-01
4.863104799075864682e-01
4.828014057867209829e-01
4.865125674486866503e-01
4.858006457442547998e-01
4.807942474728494897e-01
4.771611554531936528e-01
4.800915136743607037e-01
4.771060376629075450e-01
4.886804796688038466e-01
4.882992573572340622e-01
4.963830074843991191e-01
5.040947167756891778e-01
5.029097166654288298e-01
4.859522172561987485e-01
4.821537865633943598e-01
4.908943406047050484e-01
4.894704870911658068e-01
4.910780454443676168e-01
4.869672810659115281e-01
4.871877485526287521e-01
4.963784075604828483e-01
5.030245420652418309e-01
4.929520048430571233e-01
4.982799260839671507e-01
5.028913431500598996e-01
5.037502424134641110e-01
5.005351142244747198e-01
4.872566445274020275e-01
4.831321015051555645e-01
4.822043062669780777e-01
4.789799975209004801e-01
4.810330843412048418e-01
4.757878404746789802e-01
4.714979399478431143e-01
4.780981312484591794e-01
4.772116724009568545e-01
4.750253917178083318e-01
4.785436537446170480e-01
4.803119742715263318e-01
