4.341565733190182463e-01
4.228990373644834211e-01
4.386072410718995229e-01
4.386072410718995229e-01
4.438432915208410101e-01
4.729906526918805643e-01
4.729906526918805643e-01
4.562352807831497881e-01
4.596387105205939072e-01
4.427088294863017470e-01
4.386072410718995229e-01
4.343310824445791862e-01
4.563225658896086223e-01
4.599005047526136813e-01
4.599005047526136813e-01
4.371236386115240347e-01
4.478575948287841779e-01
4.403525679501725243e-01
4.000348861169347181e-01
4.043110534710201431e-01
4.066672451930271048e-01
4.132996129958848019e-01
4.045728477030403614e-01
4.045728477030403614e-01
4.185356547180609788e-01
4.199319720719774107e-01
4.485557535057422829e-01
4.412252357526915691e-01
4.556244072126505174e-01
4.556244072126505174e-01
4.574570191973825750e-01
4.596387105205939072e-01
4.373855026576665139e-01
4.548390332433556171e-01
4.548390332433556171e-01
4.317130877637869180e-01
4.574570191973825750e-01
4.653111254144732811e-01
4.653111254144732811e-01
4.950694212433692787e-01
5.057160225400478826e-01
5.215987964603820970e-01
5.284928886811375293e-01
5.215987964603820970e-01
4.969892572472032199e-01
5.058033076465069389e-01
5.058033076465069389e-01
5.261366184182432182e-01
5.047560696310697814e-01
4.709835315815875667e-01
5.147919282587285483e-01
4.736888113688388913e-01
4.736888113688388913e-01
5.024871630155218760e-01
5.147919282587285483e-01
5.071123398939643145e-01
5.071123398939643145e-01
5.139191993688523308e-01
4.987346539395987044e-01
5.089450129660533229e-01
5.003054716923105438e-01
5.058033076465069389e-01
5.058033076465069389e-01
4.763940824293246834e-01
4.763940824293246834e-01
5.071995551863008878e-01
5.322454588444176515e-01
5.102539753993882155e-01
5.105157696314082116e-01
4.860808006311474472e-01
4.991709485704143301e-01
4.835500997835797676e-01
4.763940824293246834e-01
4.731652229047986769e-01
4.731652229047986769e-01
5.256130386809683142e-01
4.910550568480689382e-01
4.910550568480689382e-01
4.976001308177024907e-01
4.709835315815875667e-01
4.709835315815875667e-01
4.780521940152611116e-01
4.825028617681423881e-01
5.123484514302625303e-01
5.085086485211152141e-01
5.024871630155218760e-01
5.024871630155218760e-01
5.024871630155218760e-01
4.802338853384722217e-01
4.802338853384722217e-01
4.827646560001623843e-01
4.688891253648355129e-01
4.337202088740799155e-01
4.364255497486884128e-01
4.364255497486884128e-01
4.420979646425680087e-01
4.420979646425680087e-01
4.394799088744185678e-01
4.316258026573278617e-01
4.484684596725179162e-01
4.484684596725179162e-01
4.544899539048765646e-01
4.544899539048765646e-01
4.311895080265122360e-01
4.509992303342083009e-01
4.474212303838460691e-01
4.510865154406673572e-01
4.599877898590727376e-01
4.571079398589035225e-01
4.842481886464153895e-01
4.842481886464153895e-01
4.551008274753758354e-01
4.427088294863017470e-01
4.445414414710338047e-01
4.364255497486884128e-01
4.099834596381344287e-01
4.000348861169347181e-01
4.099834596381344287e-01
4.132996129958848019e-01
4.045728477030403614e-01
4.142595571780978148e-01
4.269133406724265889e-01
3.988131477027017091e-01
3.820577757939707109e-01
3.758617811628162109e-01
3.876428968546259402e-01
3.758617811628162109e-01
3.618116803145712268e-01
3.692294220867238241e-01
3.730692162691060521e-01
3.556156856834168378e-01
3.466271261585521790e-01
3.637315774057624518e-01
3.556156856834168378e-01
3.466271261585521790e-01
3.509032236985154540e-01
3.567501389911907905e-01
3.367658377438114137e-01
3.387730286682267833e-01
3.387730286682267833e-01
3.420891732992118461e-01
3.187887274208475175e-01
3.274282076072330128e-01
3.274282076072330128e-01
3.152980038501790316e-01
3.302207637741779722e-01
3.302207637741779722e-01
3.693167071931827694e-01
3.520376770062894067e-01
3.340605666833255105e-01
3.580591712386480552e-01
3.753381926987762185e-01
3.721965571933522066e-01
3.753381926987762185e-01
3.725456278050660597e-01
3.591064092540853236e-01
3.591064092540853236e-01
3.591064092540853236e-01
4.077144832084642623e-01
4.231608315965034173e-01
4.231608315965034173e-01
4.231608315965034173e-01
4.020420770413499767e-01
3.674840952084508228e-01
3.810106075926558145e-01
3.979404799001824422e-01
3.841521820107228757e-01
4.062309505622114791e-01
4.117287865164076521e-01
3.808360286529725025e-01
4.077144832084642623e-01
3.968060265924084895e-01
3.986386385771407692e-01
3.873811026226059440e-01
4.240334906722571517e-01
4.244698551171954826e-01
4.135613985011397098e-01
4.135613985011397098e-01
4.104197629957155868e-01
4.135613985011397098e-01
4.208919162541902015e-01
4.256043171517345236e-01
4.256043171517345236e-01
4.084126418854225893e-01
4.295313964405758078e-01
4.382581617334204704e-01
4.382581617334204704e-01
4.345929377639563551e-01
4.234226258285234135e-01
4.088489365162382150e-01
4.088489365162382150e-01
4.153940104858717675e-01
4.009076150068109357e-01
3.974169001629077602e-01
3.974169001629077602e-01
3.878174670675440527e-01
3.964569472539296591e-01
3.897373728855004771e-01
3.824941402389087086e-01
4.112052067791327481e-01
4.136486923343640765e-01
4.004712505618728269e-01
4.355528906729344563e-01
4.339820641934570844e-01
4.339820641934570844e-01
4.295313964405758078e-01
4.365127737677902964e-01
4.152195100870759159e-01
4.152195100870759159e-01
4.152195100870759159e-01
4.279605786878637463e-01
4.475958005967641817e-01
4.365127737677902964e-01
4.229863224709422553e-01
4.152195100870759159e-01
4.471594361518260730e-01
4.397416943796734756e-01
4.397416943796734756e-01
4.544026687984175084e-01
4.743869700457969962e-01
4.504756505969333968e-01
4.714198349391687248e-01
4.714198349391687248e-01
4.439305766272998444e-01
4.386072410718995229e-01
4.317130877637869180e-01
4.244698551171954826e-01
4.444541563645747484e-01
4.261279667031316887e-01
4.064927447942312533e-01
4.019547919348909204e-01
4.009076150068109357e-01
3.985513534706817129e-01
4.142595571780978148e-01
4.157430898243508199e-01
4.131250340562016010e-01
4.240334906722571517e-01
4.208919162541902015e-01
4.208919162541902015e-01
4.281350878134246862e-01
4.291823171020967553e-01
4.229863224709422553e-01
4.335456997485191977e-01
4.344183675510382425e-01
4.484684596725179162e-01
4.486430386122013392e-01
4.574570191973825750e-01
4.562352807831497881e-01
4.420106795361089524e-01
4.386072410718995229e-01
4.448905208095128572e-01
4.317130877637869180e-01
4.332839142432642898e-01
4.083253567789635330e-01
4.050092121479784701e-01
4.050092121479784701e-01
4.475958005967641817e-01
4.279605786878637463e-01
4.322366762278271324e-01
4.279605786878637463e-01
4.220263782887294646e-01
4.001221712233937744e-01
4.001221712233937744e-01
4.001221712233937744e-01
4.089362303494625817e-01
4.188847340565400312e-01
4.269133406724265889e-01
4.158303836575751866e-01
4.445414414710338047e-01
4.445414414710338047e-01
4.445414414710338047e-01
3.990750030220786559e-01
4.337202088740799155e-01
4.365127737677902964e-01
4.305785646418907042e-01
4.426215443798426907e-01
4.484684596725179162e-01
4.484684596725179162e-01
4.484684596725179162e-01
4.494284125814962394e-01
4.494284125814962394e-01
4.447159505965947446e-01
4.447159505965947446e-01
4.590278369500946365e-01
4.578933836423206838e-01
4.372109237179830910e-01
4.464613472889902290e-01
4.681036815814183516e-01
4.599877898590727376e-01
4.969020332281013363e-01
4.492539034559350775e-01
4.707217373495675705e-01
4.551008274753758354e-01
4.624312754143040660e-01
4.987346539395987044e-01
4.910550568480689382e-01
5.026616634143175055e-01
4.910550568480689382e-01
4.906187534904877801e-01
4.802338853384722217e-01
4.763940824293246834e-01
4.832010204451004931e-01
4.678418960761634438e-01
4.764813675357837397e-01
4.740378907073179438e-01
4.736015262623798350e-01
4.705471671366494579e-01
4.791867171371573253e-01
4.664455787222472338e-01
4.506501509957292484e-01
4.448905208095128572e-01
4.548390332433556171e-01
4.520464683496454583e-01
4.317130877637869180e-01
4.599005047526136813e-01
4.599005047526136813e-01
4.514355947791461876e-01
4.599877898590727376e-01
4.499520010455362318e-01
4.492539034559350775e-01
4.385199559654404666e-01
4.772668113192011230e-01
4.492539034559350775e-01
4.385199559654404666e-01
4.504756505969333968e-01
4.436687125811575871e-01
4.397416943796734756e-01
4.334584146420601414e-01
4.532682067638784673e-01
4.432324179503417394e-01
4.451523150415328534e-01
4.432324179503417394e-01
4.451523150415328534e-01
4.105070481021746431e-01
4.372109237179830910e-01
4.386072410718995229e-01
4.392181146423985716e-01
4.392181146423985716e-01
4.509992303342083009e-01
4.509992303342083009e-01
4.509992303342083009e-01
4.596387105205939072e-01
4.596387105205939072e-01
4.969020332281013363e-01
4.969020332281013363e-01
4.492539034559350775e-01
4.385199559654404666e-01
4.571952249653625788e-01
4.477703097223251216e-01
4.461994832428477498e-01
4.420979646425680087e-01
4.226372431324634249e-01
4.148704307485968634e-01
4.050092121479784701e-01
4.050092121479784701e-01
4.352910266267921990e-01
4.352910266267921990e-01
4.352910266267921990e-01
4.428833386118626869e-01
4.305785646418907042e-01
4.305785646418907042e-01
4.344183675510382425e-01
4.544899539048765646e-01
4.633912195965168568e-01
4.510865154406673572e-01
4.622567662887429041e-01
4.738633815817570039e-01
4.551008274753758354e-01
4.551008274753758354e-01
4.731652229047986769e-01
4.763068671369881102e-01
4.659219902582072415e-01
4.659219902582072415e-01
4.659219902582072415e-01
4.784885584601992203e-01
5.022253687835018798e-01
4.910550568480689382e-01
5.026616634143175055e-01
4.742996762125726296e-01
4.736888113688388913e-01
4.796230117679731730e-01
5.057160225400478826e-01
5.053670130156910911e-01
5.101667601070514202e-01
4.763940824293246834e-01
4.940221919546972096e-01
4.860808006311474472e-01
5.108647791557650031e-01
5.108647791557650031e-01
4.852954266618527690e-01
4.852954266618527690e-01
4.763940824293246834e-01
4.761322969240699976e-01
4.678418960761634438e-01
4.678418960761634438e-01
4.970765423536622762e-01
4.949821361369102224e-01
5.025743783078584492e-01
5.025743783078584492e-01
5.259621791068043173e-01
4.865171650760857780e-01
4.709835315815875667e-01
4.743869700457969962e-01
4.743869700457969962e-01
4.796230117679731730e-01
4.771795262127420667e-01
4.825028617681423881e-01
4.731652229047986769e-01
5.123484514302625303e-01
4.776158906576799534e-01
5.081595080952789889e-01
5.081595080952789889e-01
4.742996762125726296e-01
4.742996762125726296e-01
4.838118852888344534e-01
4.997818221409136008e-01
4.846845530913537203e-01
4.838118852888344534e-01
4.770922411062830104e-01
4.770922411062830104e-01
4.770922411062830104e-01
4.885243472737357262e-01
4.727288584598607901e-01
4.957675188329702110e-01
4.903569592584680059e-01
5.101667601070514202e-01
4.857317911067908778e-01
4.913169121674461071e-01
4.832010204451004931e-01
4.998691072473726571e-01
4.906187534904877801e-01
4.923640803687610035e-01
4.998691072473726571e-01
5.133956196315776488e-01
5.053670130156910911e-01
4.935858275097591008e-01
5.147919282587285483e-01
5.147919282587285483e-01
4.921022861367410073e-01
5.101667601070514202e-01
4.996945981218114952e-01
4.802338853384722217e-01
4.780521940152611116e-01
4.780521940152611116e-01
4.788376377986782728e-01
4.659219902582072415e-01
4.740378907073179438e-01
4.705471671366494579e-01
4.705471671366494579e-01
4.731652229047986769e-01
4.694999989353345615e-01
4.524827629804610840e-01
