4.298411883180447424e-01
4.287808893893321205e-01
4.235971825149553172e-01
4.247534797889336855e-01
4.423553666936160811e-01
4.473121724343195882e-01
4.546513816092636051e-01
4.577755618387490122e-01
4.562221993619757221e-01
4.467667530942230347e-01
4.424251851793414292e-01
4.481935709291760550e-01
4.457413481365336549e-01
4.510515848172296782e-01
4.538485148389392876e-01
4.433196803672110886e-01
4.385941291070470927e-01
4.319748824321452685e-01
4.188149151344765508e-01
4.164848692376252326e-01
4.117287878254223266e-01
4.059516713832506118e-01
4.025176848771336857e-01
3.996073125790142733e-01
4.209573438679585777e-01
4.218780180426919268e-01
4.322192375327423841e-01
4.370407701209798601e-01
4.498952945246633695e-01
4.617898721281045171e-01
4.607993864490579350e-01
4.596736311082512683e-01
4.594860148175587966e-01
4.470503773296229388e-01
4.449995883584810796e-01
4.396762562937867602e-01
4.625011052448242954e-01
4.788507043843512889e-01
4.833973491019233348e-01
4.897155219378836466e-01
5.013090331201337513e-01
5.106117684130123680e-01
5.178113467252412061e-01
5.191334442493565904e-01
5.132210559637334635e-01
5.065101686538151515e-01
4.995592961710199620e-01
4.973950618691006520e-01
4.980888545453828198e-01
4.852255950859792888e-01
4.962125991347446363e-01
4.845536393944894771e-01
4.819094247110366491e-01
4.981281267345537001e-01
5.018195554348390264e-01
5.100968888243961885e-01
5.185400272638110986e-01
5.209355169189464618e-01
5.209529708858703367e-01
5.101361518504633485e-01
5.054673302371003318e-01
5.030674662908617423e-01
4.992189562516434753e-01
5.013352086162914389e-01
5.060389281277224427e-01
5.074570274878095200e-01
5.111004546156018291e-01
5.047430095904706926e-01
5.033379933969104325e-01
4.977397800066246103e-01
4.921284694869873522e-01
4.892355472287476248e-01
4.777991291665634188e-01
4.742516894755803847e-01
4.755519788132289705e-01
4.961427924301523573e-01
5.075006835675253125e-01
5.045292186762969644e-01
4.987390072864649748e-01
4.896369814865863535e-01
4.865346194793478962e-01
4.818701660483520333e-01
4.804651529091596984e-01
4.795095699279017798e-01
4.951173957628901556e-01
4.983157486976436124e-01
4.983113883693651158e-01
4.913474301020134827e-01
4.871280395192613133e-01
4.881490693131711467e-01
4.817872639597613471e-01
4.747273069108057797e-01
4.603019577729979273e-01
4.446985066654509100e-01
4.408718187755238382e-01
4.353215964856128606e-01
4.337725973914859923e-01
4.368051439673669156e-01
4.377258181421002092e-01
4.400078685751939167e-01
4.439654561991607240e-01
4.449515819862668309e-01
4.450432156398713701e-01
4.487782694398559369e-01
4.450737584457197249e-01
4.475216130559948047e-01
4.494807709915619176e-01
4.555153296279021435e-01
4.604764930788547983e-01
4.698184983792127456e-01
4.717122077567747485e-01
4.578802900036753054e-01
4.502661846676389024e-01
4.486211907189524561e-01
4.366131656030426411e-01
4.218212910139205185e-01
4.121694842366517841e-01
4.101143340645547752e-01
4.098612552530326303e-01
4.049829969450387535e-01
3.992058791938520868e-01
3.980844898537216348e-01
3.973688985904145210e-01
3.885025024348547351e-01
3.806135057374467334e-01
3.845798188176915433e-01
3.861899078868978874e-01
3.698752262806607183e-01
3.667466783051462342e-01
3.663277913893984161e-01
3.626014582459710645e-01
3.619600409969470078e-01
3.623352923408776349e-01
3.617375076093029551e-01
3.481019398936012199e-01
3.498211104746002387e-01
3.501134597299401241e-01
3.433982103463900648e-01
3.272231552394853082e-01
3.307531304914261838e-01
3.325246629731970494e-01
3.393882643123576348e-01
3.364517025552562490e-01
3.335151490885818193e-01
3.361637210459454406e-01
3.397766014408448165e-01
3.411248849332362276e-01
3.481891962017347186e-01
3.463827562224541246e-01
3.509904939694735160e-01
3.565625288092338918e-01
3.660136274025177494e-01
3.642900890754895982e-01
3.711711491812950126e-01
3.774064295281064352e-01
3.816345451307983083e-01
3.879047242483540381e-01
3.844881938908523145e-01
3.962649632172078884e-01
3.935029402566694867e-01
3.923640943315854224e-01
3.927524358234553148e-01
3.930884215232889889e-01
3.939392798303265053e-01
3.908630933192457912e-01
3.837027780330841131e-01
3.854045016285715386e-01
3.871978518962510551e-01
3.959202524974343995e-01
3.935553025937795768e-01
3.971987301579100738e-01
3.991229840866735712e-01
4.121782166743421238e-01
4.179684267551593280e-01
4.202635668998538909e-01
4.180207821108572475e-01
4.177982561409636086e-01
4.127541801293020396e-01
4.100052468803646599e-01
4.171393748892355258e-01
4.191596323993239115e-01
4.202679281008090406e-01
4.172702794229959378e-01
4.188323778281657361e-01
4.249149376006610690e-01
4.317959841799801635e-01
4.317741633397037537e-01
4.298979079290656813e-01
4.330569930380310240e-01
4.161358047346470634e-01
4.153416686566600013e-01
4.076926588774817395e-01
4.026791304713895348e-01
3.958111683676120984e-01
3.929356970219284872e-01
3.909285388228829206e-01
3.901605887131717187e-01
3.887075809828983708e-01
3.958286223345360288e-01
4.029540323048793615e-01
4.073697729250291277e-01
4.123745706387841881e-01
4.221790923179716271e-01
4.249891146693118849e-01
4.266384728733212950e-01
4.283401894873963833e-01
4.348547110517396175e-01
4.278427551389389905e-01
4.274107811296197212e-01
4.237979007347202898e-01
4.279343866108519800e-01
4.355572165304901766e-01
4.334235224163897060e-01
4.274413217537768039e-01
4.314469140046046647e-01
4.463391372314909344e-01
4.481193951695399136e-01
4.563923638674357020e-01
4.571821378717911832e-01
4.613229906212755749e-01
4.502836390709011316e-01
4.517846431376085770e-01
4.515228441058676268e-01
4.397373458325279927e-01
4.409721848668184951e-01
4.437560282312951188e-01
4.331137253028615186e-01
4.341085761099076068e-01
4.235797311660609021e-01
4.092154724396708798e-01
4.075224908813156466e-01
4.035299896511035378e-01
3.996029457056617940e-01
4.059298505429740911e-01
4.152631220966269687e-01
4.192599845277941162e-01
4.243040609757939841e-01
4.267388293651741549e-01
4.321406957724303055e-01
4.296797453418184642e-01
4.309451245639278616e-01
4.314949077230093022e-01
4.365826101433844530e-01
4.403700297711852230e-01
4.441356316130772308e-01
4.490662509491666343e-01
4.587922304317036404e-01
4.601361531594782006e-01
4.579675519842062448e-01
4.460642515425168320e-01
4.422986466462569544e-01
4.370102321148524038e-01
4.294746659210984530e-01
4.246836704663118911e-01
4.171132055018135221e-01
4.224932532504844795e-01
4.332402642722842923e-01
4.292477708961609517e-01
4.317261726756670970e-01
4.317959854889950044e-01
4.259316013938947987e-01
4.042543089887183361e-01
4.040710543353190909e-01
4.025918645638140170e-01
3.994720494623283380e-01
3.998080281807497305e-01
3.976307011128615843e-01
4.183000416545961109e-01
4.196177845228303838e-01
4.208308048985357486e-01
4.203028386526866389e-01
4.276900472184325674e-01
4.256305240642472287e-01
4.307313183779148957e-01
4.317348946412389310e-01
4.425037234489473947e-01
4.402609482593924928e-01
4.442272652666817701e-01
4.436862066912017899e-01
4.285321735241180430e-01
4.323108611505667165e-01
4.445196053589179352e-01
4.503970813473105461e-01
4.544942928525802506e-01
4.506152526613231291e-01
4.487346356133915526e-01
4.552884350393030521e-01
4.575355784112253299e-01
4.584169803967877987e-01
4.550353553551044206e-01
4.553189856992401197e-01
4.689065522787870810e-01
4.692556211451477388e-01
4.703595630634282432e-01
4.801597204872927738e-01
4.914608715057463550e-01
4.911510752648947653e-01
5.032201999553258531e-01
4.926564418415722568e-01
4.850117967540552577e-01
4.775853242895653494e-01
4.811938404291417615e-01
4.755650720155362166e-01
4.773627904655830534e-01
4.741207866871729459e-01
4.697399531281945539e-01
4.729165022398639229e-01
4.731564865400640363e-01
4.505018077668839216e-01
4.513352116706592088e-01
4.414303343722954520e-01
4.431364217867675426e-01
4.479361392071258274e-01
4.446505155650758989e-01
4.518500903865987905e-01
4.551531710499405747e-01
4.597565345058567954e-01
4.604895836631322514e-01
4.610960964690146158e-01
4.551139032241522386e-01
4.485819215841494456e-01
4.529671185257743149e-01
4.502487337550826751e-01
4.489178976845413227e-01
4.458678940873687102e-01
4.445937872272898161e-01
4.419321172678983278e-01
4.436294757353861362e-01
4.454490128440181662e-01
4.463915052409985762e-01
4.443450704893994185e-01
4.496858534666499096e-01
4.480932183643675515e-01
4.490793397880910587e-01
4.537132508495766992e-01
4.461078775148923370e-01
4.461209606814192652e-01
4.461951438588059315e-01
4.467012945004378288e-01
4.472903507213665253e-01
4.483288309914941761e-01
4.552884315485969391e-01
4.577711945290581785e-01
4.604808542798098925e-01
4.610262801649805953e-01
4.547255582415763442e-01
4.504843529272834490e-01
4.482939370204707119e-01
4.484030150415573845e-01
4.432062280550215227e-01
4.366611540853879703e-01
4.238459053615814542e-01
4.222445378216088119e-01
4.187232915166521074e-01
4.167466756871166522e-01
4.295052065452554801e-01
4.288332451813681168e-01
4.296666525758495725e-01
4.319574280288830392e-01
4.333668054233983935e-01
4.369447748300820389e-01
4.392879121838872969e-01
4.459638893782663649e-01
4.498342102219812233e-01
4.543983045430947110e-01
4.582948021919818760e-01
4.626363666161573684e-01
4.701588448436632706e-01
4.757134326979119976e-01
4.841173054932300102e-01
4.840693069751044186e-01
4.825683055264264887e-01
4.752509171917589370e-01
4.746182245263365074e-01
4.795052091632848734e-01
4.951392166031666209e-01
4.951523032603998287e-01
4.931582312822490044e-01
4.899816891519919726e-01
4.822323281170198261e-01
4.851339745225228262e-01
4.970503681665195406e-01
5.076883064032919890e-01
5.031242055371046851e-01
5.027402221918220171e-01
5.008028715700453271e-01
4.943930685711865891e-01
4.971289116721847035e-01
5.033031050982844645e-01
4.938345612648419314e-01
4.916615949615706915e-01
4.812854749554228984e-01
4.797975592913014120e-01
4.786019924461816788e-01
4.785278123231629377e-01
4.823981336032160394e-01
4.878436329642597546e-01
4.991927955909868930e-01
5.017453740028056108e-01
5.033205621195763202e-01
4.888603072296119345e-01
4.806135162095649949e-01
4.839209580738617622e-01
4.823414126831804261e-01
4.915786858915676127e-01
4.806745961488644303e-01
4.784318213956478272e-01
4.799502763749113887e-01
4.828301080488736075e-01
4.840213097659938901e-01
4.915568733417182701e-01
4.895366215040272695e-01
4.852997804450573938e-01
4.856532170574470730e-01
4.820534303011930755e-01
4.862640845192105488e-01
4.858233819992452962e-01
4.809451293636486935e-01
4.774631487027890531e-01
4.794833970497737741e-01
4.766428305835702650e-01
4.891002828030467375e-01
4.885504961532592949e-01
4.965093148270988688e-01
5.043983189422572844e-01
5.019286426190292527e-01
4.860284622926419607e-01
4.817654457375145083e-01
4.909329196590599409e-01
4.901169566320606741e-01
4.902391269827778286e-01
4.876080081196616511e-01
4.868095117133959815e-01
4.966707556216338193e-01
5.034165539197680284e-01
4.935727552516888106e-01
4.978706884674294342e-01
5.019111877794287802e-01
5.037394468536328107e-01
5.002138323663087860e-01
4.867135164224981603e-01
4.826948449321876167e-01
4.825988496412897955e-01
4.800200887519011639e-01
4.807138679016971783e-01
4.760755938939033038e-01
4.718649248403848917e-01
4.763417558719523770e-01
4.764333838531594756e-01
4.756305240642471621e-01
4.791910421220365590e-01
4.801509876132641352e-01
