4.343747555414873007e-01
4.070163288948888125e-01
4.290077817962398843e-01
4.290077817962398843e-01
4.396108016270460217e-01
4.731215803515691487e-01
4.731215803515691487e-01
4.579369956518718476e-01
4.782703718743476218e-01
4.433197030568007957e-01
4.351601644178432204e-01
4.400907431744739418e-01
4.510864848969886598e-01
4.352037764273941622e-01
4.599441473058432095e-01
4.331093353035808668e-01
4.449777797356760933e-01
4.372982131878248024e-01
4.021729697939774306e-01
4.054891493320236240e-01
4.054891493320236240e-01
4.099834290944559534e-01
4.063618171345428909e-01
3.938825733094536430e-01
4.171393722712058993e-01
4.192774559482487229e-01
4.372982175512074576e-01
4.413125208591506254e-01
4.588969441974671826e-01
4.550135380055340129e-01
4.568461499902661815e-01
4.782703718743476218e-01
4.497338493667457637e-01
4.498647770264342372e-01
4.498647770264342372e-01
4.360328278569797211e-01
4.767868043210333751e-01
4.690636344903964527e-01
4.692818167128655071e-01
4.927568022604695841e-01
5.046251768784423275e-01
5.250458425707598131e-01
5.250458425707598131e-01
5.127411035078489610e-01
4.952875423784811604e-01
5.013962824468550794e-01
5.159699630323750785e-01
5.126537834943287741e-01
5.011781002243861360e-01
4.845100134221139720e-01
5.024435510059708232e-01
4.757396055760400033e-01
4.757396055760400033e-01
5.041015927777848793e-01
4.994328038897914990e-01
5.119120869853246436e-01
5.232568425955788083e-01
5.212060440249949300e-01
5.136137713103681168e-01
5.029671351066282714e-01
4.986473644697568819e-01
5.065014314164039133e-01
5.017890043385637711e-01
4.852081371920109465e-01
4.852081371920109465e-01
5.197225070153592696e-01
5.043197706368711675e-01
5.021380836770427125e-01
5.183261940248257149e-01
4.785321661063675069e-01
4.850772400760009484e-01
4.799720911064522255e-01
4.762631896766973405e-01
4.673182727050623209e-01
4.751723745587703718e-01
5.147482246181420695e-01
5.085086179774366277e-01
5.085086179774366277e-01
4.904878258307994177e-01
4.785321661063675069e-01
4.756087084600298942e-01
4.791430396768666666e-01
4.798411939904422274e-01
4.947639888215022985e-01
5.054979057683185451e-01
4.967711099317954071e-01
4.967711099317954071e-01
5.025744132149196908e-01
4.817174528917863574e-01
4.814992706693173030e-01
4.804084250077117479e-01
4.769613788973340318e-01
4.391308251725568601e-01
4.350728793113841641e-01
4.353347040870827467e-01
4.332839098798817457e-01
4.432760605035713786e-01
4.438432915208408991e-01
4.355528557658732147e-01
4.483375669198905733e-01
4.514792067886972404e-01
4.493848049353278418e-01
4.514792067886972404e-01
4.452832121575429625e-01
4.484248171192884991e-01
4.509555921443613169e-01
4.307967817714210002e-01
4.581551778743406800e-01
4.657474549523502594e-01
4.796230117679731730e-01
4.674928167376843913e-01
4.585915117756004244e-01
4.447595931498242727e-01
4.456758991421903016e-01
4.401780631879941286e-01
4.050091728775345734e-01
4.082817098623513496e-01
4.050091728775345734e-01
4.181429677334135286e-01
4.031329227029556428e-01
4.046164858928872343e-01
4.127323470715541509e-01
4.128632441875641490e-01
3.858975743397355940e-01
3.835413433472847355e-01
3.817523390087210755e-01
3.819268786779606017e-01
3.640806567442413932e-01
3.624225538850703310e-01
3.684440393906637246e-01
3.643424509762614449e-01
3.521686090293605909e-01
3.607208346529657272e-01
3.596736315445896448e-01
3.447945141738201769e-01
3.487651749285338165e-01
3.564447065693238659e-01
3.362422536431539655e-01
3.329261090121688471e-01
3.404311009837193147e-01
3.404311009837193147e-01
3.170433656355132745e-01
3.365040478751740172e-01
3.213631057287060222e-01
3.170433656355132745e-01
3.379003259586464969e-01
3.440963249531835411e-01
3.516886369382541400e-01
3.430491218448074586e-01
3.454489953904876787e-01
3.644297055390419704e-01
3.737673749460642125e-01
3.737673749460642125e-01
3.824068507690671082e-01
3.740291648147016645e-01
3.700148658701410409e-01
3.685749408700563778e-01
3.685749408700563778e-01
3.942752559307183824e-01
4.154376574024838398e-01
4.083253218719022914e-01
4.083253218719022914e-01
3.975041547256882302e-01
3.788725239156129909e-01
3.742473514005533186e-01
3.900864129535356328e-01
3.779998299327979594e-01
3.971114633776582359e-01
3.962824075846900773e-01
3.857666423166644099e-01
4.050528197941466457e-01
4.033947431152714591e-01
4.075835860924543752e-01
4.019548181151869626e-01
4.342874660716454782e-01
4.250370861344650031e-01
4.119905807484276483e-01
4.084126069783613477e-01
4.129068867407936771e-01
4.084126069783613477e-01
4.172266573776649556e-01
4.193646756039680623e-01
4.170084795185785564e-01
4.089798685393095656e-01
4.320621671022660815e-01
4.362073675262193584e-01
4.364255497486884128e-01
4.287459875642198881e-01
4.214154741745518296e-01
4.143031648242661014e-01
4.137795807236086532e-01
4.086744012103813439e-01
4.081508127463413516e-01
3.979841268167947366e-01
3.902173100695456864e-01
3.921372071607368559e-01
3.962387650314606047e-01
3.928789778472460137e-01
3.878610834404775942e-01
4.124269495567484123e-01
4.094162024405690881e-01
4.070599714481184517e-01
4.315385524579300469e-01
4.307531392181913610e-01
4.307531392181913610e-01
4.320621671022660815e-01
4.335456692048405003e-01
4.258661419274331061e-01
4.216772989502503011e-01
4.215900443874698311e-01
4.377781896423139640e-01
4.377781896423139640e-01
4.299676997981568549e-01
4.191029162790090856e-01
4.193210679577996647e-01
4.465922094979390966e-01
4.421851799349045820e-01
4.501265363513932138e-01
4.553189747907836482e-01
4.671873799524348669e-01
4.609477427680510608e-01
4.609477427680510608e-01
4.609477427680510608e-01
4.444105487184063508e-01
4.351601644178432204e-01
4.351601644178432204e-01
4.369491338493458610e-01
4.469412844730354939e-01
4.204991987258642760e-01
4.042237683645610868e-01
4.007330491572753672e-01
3.970678208244287077e-01
4.015621005868610371e-01
4.150013235012243173e-01
4.195828578264371167e-01
4.182738299423625072e-01
4.250807286876944202e-01
4.228117828017028401e-01
4.275242447866042239e-01
4.288768846802297752e-01
4.379527249481708351e-01
4.191029162790090856e-01
4.367745941801063347e-01
4.414434136117780794e-01
4.488175390109969687e-01
4.540099774503875141e-01
4.656602003895697894e-01
4.568461499902661815e-01
4.491229801596293703e-01
4.391744677257864993e-01
4.442796166953352222e-01
4.325857512029235297e-01
4.230299693875545497e-01
4.172266617410476108e-01
4.123833026401362289e-01
4.123833026401362289e-01
4.431015208343318523e-01
4.312767582259100507e-01
4.300986274578454394e-01
4.377781896423139640e-01
4.348110894427468232e-01
4.045292007864281780e-01
3.972423561302855788e-01
3.972423561302855788e-01
4.026965888016961204e-01
4.165721456173189230e-01
4.191465239251775943e-01
4.059691257865127856e-01
4.286150904482097790e-01
4.315821906477769199e-01
4.286150904482097790e-01
4.143031997313272319e-01
4.302295245738553264e-01
4.325857555663060738e-01
4.335456692048405003e-01
4.455450020261803035e-01
4.414434136117780794e-01
4.485557491423596277e-01
4.488175390109969687e-01
4.281787260032716702e-01
4.340693187562376654e-01
4.379527293115534903e-01
4.379527293115534903e-01
4.599877898590728487e-01
4.512610245662281860e-01
4.464613080185463323e-01
4.403962148667847076e-01
4.590278413134772917e-01
4.599441473058432095e-01
4.734270171368187841e-01
4.513483096726872423e-01
4.661838193972883682e-01
4.696745080608956124e-01
4.587660514448399507e-01
4.998254996012042595e-01
4.968583601311932219e-01
4.968583601311932219e-01
4.876516227472421638e-01
4.876516532909207502e-01
4.769613483536555565e-01
4.750414468990817873e-01
4.770922760133440299e-01
4.764377642529979973e-01
4.807574999828081452e-01
4.715944051520867264e-01
4.669255551767363954e-01
4.722925289219837008e-01
4.610786704277395343e-01
4.519155406899568739e-01
4.440178268266978812e-01
4.498647770264342372e-01
4.498647770264342372e-01
4.453268547107724906e-01
4.432760605035712675e-01
4.554935100966405193e-01
4.599441473058432095e-01
4.557116923191094626e-01
4.557116923191094626e-01
4.531372834675724270e-01
4.632603573875681002e-01
4.549698954523045957e-01
4.632603573875681002e-01
4.632603573875681002e-01
4.444978032811869317e-01
4.444978032811869317e-01
4.385635636116088643e-01
4.391744677257864993e-01
4.393053648417964974e-01
4.495593053341235823e-01
4.453268241670939043e-01
4.498211344732047090e-01
4.502574683744643425e-01
4.441923664959372964e-01
4.307531392181914720e-01
4.473339714576828330e-01
4.389126778571490473e-01
4.448904902658343818e-01
4.486430037051400976e-01
4.451086724883034362e-01
4.507810481117392465e-01
4.307531392181914720e-01
4.782703718743476218e-01
4.782703718743476218e-01
4.741688140036237620e-01
4.741688140036237620e-01
4.500829243418421610e-01
4.549698954523045957e-01
4.478575904654015227e-01
4.524827673438438502e-01
4.503447185738621572e-01
4.464177047357607009e-01
4.243826049177975568e-01
4.204991987258642760e-01
4.123833026401362289e-01
4.123833026401362289e-01
4.284841627885213056e-01
4.306222115585028876e-01
4.348983396421447489e-01
4.386944956346799929e-01
4.270005952352070588e-01
4.324984660964644734e-01
4.385199559654404666e-01
4.486430037051400976e-01
4.552753278741714649e-01
4.544026644350349642e-01
4.611222780739078209e-01
4.742560685664043429e-01
4.648747915132137587e-01
4.769177407074872699e-01
4.823283220989028619e-01
4.747360450208933935e-01
4.722052743592032309e-01
4.702853729046294617e-01
4.722052743592032309e-01
4.891351903005564106e-01
4.943276243765643008e-01
4.966402128157854090e-01
4.881315948383486703e-01
4.739506012374762323e-01
4.769613483536555565e-01
4.824592192149129710e-01
4.926695171540105278e-01
5.055415177778694868e-01
5.077668865613712557e-01
4.852081371920109465e-01
4.886988563992967771e-01
4.926695171540104168e-01
5.078104243934173923e-01
5.128283537072467757e-01
4.873025783158243529e-01
4.873025783158243529e-01
4.772231382222928975e-01
4.770922454696655546e-01
4.751723789221529159e-01
4.758268906824989486e-01
4.873462165056711148e-01
4.862990133972950879e-01
4.934112834771369194e-01
4.982109956614362289e-01
5.099048960609091630e-01
4.883061694146494380e-01
4.806266028667982582e-01
4.787939952454487447e-01
4.773104276921346090e-01
4.855135739772605818e-01
4.751723745587703718e-01
4.798411939904422274e-01
4.778340423364705325e-01
4.951566801695322928e-01
4.835064528669674733e-01
5.035343312168367724e-01
4.967711099317954071e-01
4.870407491767431152e-01
4.870407491767431152e-01
4.827646516367798402e-01
4.955929791637307957e-01
4.880443446389508555e-01
4.842482191900940869e-01
4.758704983286673462e-01
4.804520631975587319e-01
4.731215803515692597e-01
4.873898590589006430e-01
4.806266028667982582e-01
4.900078537396928002e-01
4.930622390457191084e-01
5.084650408749468165e-01
4.852081720990722991e-01
4.872589663062733001e-01
4.865608076293151951e-01
5.031416442321893223e-01
4.858626489523569791e-01
4.833318782906668165e-01
4.971201892702745706e-01
5.095558210858127657e-01
5.077668865613712557e-01
4.921022905001234404e-01
4.990400819980829183e-01
5.068069336523931545e-01
4.994328038897916100e-01
5.038834454623769554e-01
4.865171650760856670e-01
4.899642417301418584e-01
4.804084250077117479e-01
4.809320396520477825e-01
4.760014303517384748e-01
4.636966563817666032e-01
4.750850938156939707e-01
4.747360101138322630e-01
4.747360101138322630e-01
4.759577877985089467e-01
4.713326109200666192e-01
4.652238359446315696e-01
