4.327603025078501364e-01
4.159758122922585510e-01
4.210082585801527277e-01
4.367455136892287038e-01
4.414870474382423526e-01
4.558862218071229044e-01
4.619949516942705725e-01
4.634203204498468787e-01
4.709253415106149920e-01
4.526864136842567721e-01
4.380836351543287432e-01
4.455013507461855204e-01
4.510574000427285402e-01
4.422433729147989823e-01
4.605695654851638121e-01
4.380254218119819520e-01
4.423597326942920738e-01
4.388981303394058897e-01
4.058236578813854689e-01
4.093143785431321291e-01
4.121651305988933145e-01
4.151613171071815156e-01
3.986386443949842540e-01
4.006749012656683484e-01
4.181865986509560873e-01
4.190301888715194933e-01
4.363382675511510711e-01
4.412252561151439600e-01
4.573988523977839393e-01
4.558280317361502187e-01
4.626930900087764531e-01
4.661838077616013987e-01
4.500683811874816587e-01
4.516101271760814551e-01
4.553917109250385509e-01
4.354365047131454891e-01
4.747651153305447735e-01
4.723798023927556766e-01
4.786339900038044104e-01
4.922768388961284436e-01
4.962911218416192760e-01
5.190680083451613136e-01
5.190680083451613136e-01
5.179916985656117800e-01
4.954475345299775291e-01
4.995200279088934381e-01
5.085085845248363823e-01
5.062977981661388460e-01
5.044069932015123880e-01
4.912586988250992603e-01
5.032143905476704759e-01
4.749396477274799300e-01
4.787212547478112423e-01
5.045233995237535796e-01
4.992291822752135677e-01
5.186898776050222759e-01
5.292201191222080103e-01
5.154318328684351913e-01
5.103703177253506862e-01
4.998400325743385664e-01
4.976874159241613249e-01
5.044361115083727531e-01
5.009454141180003095e-01
4.897460711433598846e-01
5.008872444094798482e-01
5.150827738924085297e-01
5.008872444094798482e-01
4.935567499278033510e-01
5.131628768012174158e-01
4.802048106654382420e-01
4.845681933118605733e-01
4.833464519887058497e-01
4.765686351887122307e-01
4.706053572076222546e-01
4.706053572076222546e-01
5.108939236429214104e-01
5.004218082004295853e-01
5.106321294109013031e-01
4.945457716919721136e-01
4.827937481267270403e-01
4.808447763625019467e-01
4.782267205943526722e-01
4.906769464703823469e-01
4.875644001826011098e-01
4.968729411015367359e-01
4.925968028366687346e-01
4.987346277593027732e-01
4.929167842307397573e-01
4.820665205945783849e-01
4.820665205945783849e-01
4.815429117680860016e-01
4.788085398542701321e-01
4.382290666979340443e-01
4.382290666979340443e-01
4.341274986459841556e-01
4.361928330986241664e-01
4.428542668477505884e-01
4.389853950834125551e-01
4.334584379134340804e-01
4.436978337969397779e-01
4.505338173965319215e-01
4.490793565143911814e-01
4.500392832430735179e-01
4.472176465852510940e-01
4.471594332429042473e-01
4.487302800848338991e-01
4.363382646422293565e-01
4.587369535004316989e-01
4.688309149314104918e-01
4.721179877982832895e-01
4.779067624716558105e-01
4.554789756690453273e-01
4.446868759235607649e-01
4.416906690528201729e-01
4.380254450833560576e-01
4.053000723262671356e-01
4.084416903781606378e-01
4.055036968497667815e-01
4.127469091339059926e-01
4.047182792466455514e-01
3.990168129511061923e-01
4.044273870702174700e-01
4.068999676609350025e-01
3.861011974087744103e-01
3.791488743921414550e-01
3.838322180701823627e-01
3.804578804593028440e-01
3.699275953082907797e-01
3.639642795112177365e-01
3.673386345756279314e-01
3.634115960116914290e-01
3.550920797658461692e-01
3.590191183297827826e-01
3.553247964159105265e-01
3.487797224462770296e-01
3.514268296160861227e-01
3.531721797657332851e-01
3.317334379986655035e-01
3.265846581115742220e-01
3.359804637745165135e-01
3.444745124172968187e-01
3.260610289226295588e-01
3.399365770114871066e-01
3.300171654309741465e-01
3.260610289226295588e-01
3.429036859378196134e-01
3.417401172321070102e-01
3.483724792171211670e-01
3.382784916058467206e-01
3.496523873398744708e-01
3.543066592538031689e-01
3.669604863819583840e-01
3.721965542844303809e-01
3.791197764477334253e-01
3.791779461562538311e-01
3.726910680754365046e-01
3.758327064897823422e-01
3.758327064897823422e-01
3.933734989105563962e-01
4.081217089840896151e-01
3.997149279942378008e-01
3.997149279942378008e-01
3.867702377788719836e-01
3.798470097977255655e-01
3.813596636597607614e-01
3.899700662641905624e-01
3.799924442502525257e-01
3.941879940956334871e-01
3.995985885771971557e-01
3.877010898345203960e-01
4.005585414861752569e-01
4.048346564796690417e-01
4.037583467001197302e-01
4.058818712237322601e-01
4.300259073226601614e-01
4.315385379133212518e-01
4.162666986508432587e-01
4.083253335075893720e-01
4.121360355634069994e-01
4.090816589841461126e-01
4.149576925836818142e-01
4.126014514100049269e-01
4.157139976977862195e-01
4.142595571780978703e-01
4.356110545636113218e-01
4.356692242721316721e-01
4.356692242721316721e-01
4.261279637942099741e-01
4.301422496486226321e-01
4.151903888712937807e-01
4.096925500081757821e-01
4.093143785431321291e-01
4.101288708192874499e-01
3.930535175164854844e-01
3.894173624022118640e-01
3.831922727355710490e-01
3.951479208243158792e-01
3.937807479575559100e-01
3.895627997636605389e-01
4.100125372200902896e-01
4.100125372200902896e-01
4.102161588346682763e-01
4.254007129906872131e-01
4.323530563697723927e-01
4.303458916256528433e-01
4.327021327993297306e-01
4.338947587245458037e-01
4.266224572227636513e-01
4.266224572227636513e-01
4.208628037651733211e-01
4.302586297905679480e-01
4.302586297905679480e-01
4.301422496486225211e-01
4.221136401238143043e-01
4.238880853089478928e-01
4.453268241670939598e-01
4.438432653405450790e-01
4.562352778742279624e-01
4.539081550074115512e-01
4.770922643776570049e-01
4.572824955272127845e-01
4.487884468844325347e-01
4.548681050074679377e-01
4.478867102267227729e-01
4.387235775800183979e-01
4.315967279842939930e-01
4.396253375091022098e-01
4.454431810376651701e-01
4.198446840565965288e-01
4.042528634000474574e-01
4.026529477029273107e-01
3.986968111945827786e-01
4.100125139487162396e-01
4.189719958916250930e-01
4.178084242769906642e-01
4.176920644974976837e-01
4.289786954875187686e-01
4.243825932821104208e-01
4.298222857080822301e-01
4.262152285382165839e-01
4.303749866611392139e-01
4.283096551174210287e-01
4.295895661490962136e-01
4.429706033558694078e-01
4.478866869553486674e-01
4.517264636842003855e-01
4.664746941201859953e-01
4.578642682443820333e-01
4.500683811874817142e-01
4.406725493442435471e-01
4.477994222113420020e-01
4.362800716623349007e-01
4.235099312974348607e-01
4.180702388714630513e-01
4.110306540197453118e-01
4.175757279893787532e-01
4.397417205599693513e-01
4.315967308932157631e-01
4.315967308932157631e-01
4.359310185041516683e-01
4.333711760783491851e-01
4.081508040195760412e-01
4.066672684644012659e-01
4.011403142033445612e-01
3.925590066344011864e-01
4.093725686141048148e-01
4.052418822552945055e-01
4.092271137991254637e-01
4.252843735736465125e-01
4.252843735736465125e-01
4.252843735736465125e-01
4.210664457422035878e-01
4.277860288373980246e-01
4.319166919248342840e-01
4.316839723658482675e-01
4.457049956321375572e-01
4.418361238677996350e-01
4.487593722113984440e-01
4.496902242670466898e-01
4.250225589791741254e-01
4.349128987955748760e-01
4.400617048629620331e-01
4.449777651910671872e-01
4.586205937209387185e-01
4.523373343457776641e-01
4.424178994938905984e-01
4.496320371049959408e-01
4.507955883571779232e-01
4.571079631302775170e-01
4.660965430175945667e-01
4.665328841911586255e-01
4.649329714029602489e-01
4.793612233537966616e-01
4.597260014448963372e-01
4.970474734984718368e-01
4.962329521330988702e-01
4.995200249999716680e-01
4.898042408518801794e-01
4.843645687883608719e-01
4.791575988302969602e-01
4.760450292711415621e-01
4.768595448186709329e-01
4.764522986805932447e-01
4.764522986805932447e-01
4.731070357427478168e-01
4.692963336869302449e-01
4.702562807780648613e-01
4.642348359973761940e-01
4.512610274751500117e-01
4.500392832430735734e-01
4.478867102267227729e-01
4.448323336474619416e-01
4.484975808883002180e-01
4.603950592685245868e-01
4.514064793812075926e-01
4.569916033507845921e-01
4.619367848946719923e-01
4.570206983862709627e-01
4.525700539047636806e-01
4.599878102215251841e-01
4.530645647868480896e-01
4.659801832381016418e-01
4.503301899641105610e-01
4.474794408172710902e-01
4.490211664434184957e-01
4.358437304887708419e-01
4.431160552619270998e-01
4.432033200059337652e-01
4.500392803341518033e-01
4.486429920694530726e-01
4.502138330935392396e-01
4.370073282837010908e-01
4.464613211086942979e-01
4.411088934267293205e-01
4.350583303391801215e-01
4.432906080213145361e-01
4.492829577665167773e-01
4.494284125814961839e-01
4.461122417702152454e-01
4.373563814418843787e-01
4.371527598273063919e-01
4.709253415106149920e-01
4.709253415106149920e-01
4.693254461759471252e-01
4.682200646322853821e-01
4.591442200009618335e-01
4.557116719566572383e-01
4.501847380580528690e-01
4.532681893103477910e-01
4.441341749705037256e-01
4.412252793865181211e-01
4.244116883175968469e-01
4.204846497536602890e-01
4.160630770362652719e-01
4.172266486508997008e-01
4.263315679552573401e-01
4.276405740224187291e-01
4.326439223659047095e-01
4.359891853037502485e-01
4.277278358575036243e-01
4.294731860071507867e-01
4.410216315916443697e-01
4.495738673964754795e-01
4.511155697512488350e-01
4.573988494888622802e-01
4.599877898590727376e-01
4.685400256639040695e-01
4.713325905576142838e-01
4.720889189430928501e-01
4.850336091584585563e-01
4.802630007364109832e-01
4.738924533458692134e-01
4.726125190428200340e-01
4.813974569531067060e-01
4.869825838316053646e-01
4.970183755540638071e-01
4.957966342309090280e-01
4.872153004816697219e-01
4.777613047477547448e-01
4.868080310722179838e-01
4.817174412560993879e-01
4.969020157745707156e-01
5.060651251499010961e-01
5.159264106557200913e-01
5.008872444094798482e-01
4.845972650759727274e-01
4.944585098568870518e-01
5.019053408466825905e-01
5.039706927528530001e-01
4.834918864412329209e-01
4.882334434616206198e-01
4.815138167325996310e-01
4.755796163334653492e-01
4.875644030915227689e-01
4.780522143777134469e-01
4.861681061000588944e-01
4.842773040443541510e-01
4.935567266564293010e-01
5.074613901432255547e-01
5.099921840762898784e-01
4.866335248555787030e-01
4.785467252597978560e-01
4.761905073574950187e-01
4.792739586097898852e-01
4.948075891953662708e-01
4.833755237528181148e-01
4.906769464703823469e-01
4.745033269163681511e-01
4.909387407024023431e-01
4.880298160291990928e-01
4.948948510304511661e-01
4.892806320253877961e-01
4.838991296703887279e-01
4.838991296703887279e-01
4.884370418048244455e-01
4.898915055958869558e-01
4.919568371396050854e-01
4.829101079062201318e-01
4.785176273153897153e-01
4.780231164333053617e-01
4.692381610694881799e-01
4.825028588592206735e-01
4.854117806235022647e-01
4.957675391954226574e-01
4.901242222459512021e-01
5.112430437063050226e-01
4.827355813271285712e-01
4.882625355881851648e-01
4.857317649264949466e-01
4.996363876883865296e-01
4.880297927578249872e-01
4.822119492292619714e-01
4.895424495287820643e-01
5.063269164729994332e-01
5.074323649218616117e-01
4.891642722458947046e-01
4.989673676807411806e-01
5.057160661738743235e-01
4.992291822752136787e-01
5.021962766569372238e-01
4.829682776147404266e-01
4.908514526870215722e-01
4.685400285728257841e-01
4.815429117680860016e-01
4.732815855932134830e-01
4.650784029465655500e-01
4.731070357427478168e-01
4.762195791216072838e-01
4.762195791216072838e-01
4.804666019885364681e-01
4.738051915107841516e-01
4.697326748604941371e-01
