4.295532198988819550e-01
4.216336694871687940e-01
4.206955422181880566e-01
4.388690200320802814e-01
4.426869776660084521e-01
4.518500899502605472e-01
4.662492483200714743e-01
4.619294951367308166e-01
4.686491065939125122e-01
4.474430822041393085e-01
4.400253273418387456e-01
4.495811135205903808e-01
4.475739596849274138e-01
4.471376301470504910e-01
4.595078155862750147e-01
4.370800309653557481e-01
4.403307641270883255e-01
4.352910615338532740e-01
4.090016570905543603e-01
4.116196975868643415e-01
4.113142608016147617e-01
4.135614006828309264e-01
4.009512313797445326e-01
3.992495296011704387e-01
4.211755164909858351e-01
4.183175052209618383e-01
4.375600096015361817e-01
4.430578804627935408e-01
4.612968024713081094e-01
4.559298439979000972e-01
4.657692762289650790e-01
4.636966760169884960e-01
4.617767941976365642e-01
4.493848027536365142e-01
4.476612469730777977e-01
4.402871368456980350e-01
4.803866146395536774e-01
4.725979787973811908e-01
4.771795283944332278e-01
4.954184678564784727e-01
4.932803885428183044e-01
5.152718588976998859e-01
5.182171378206523737e-01
5.190898187133194952e-01
4.963783880400867154e-01
5.014399097282453699e-01
5.053233181018699227e-01
5.042324724402642566e-01
5.028143687167944131e-01
4.868662269610341542e-01
5.040361420380885527e-01
4.714634927642374906e-01
4.818919751074954294e-01
5.012435836894522101e-01
5.003054695106193828e-01
5.165590982305295897e-01
5.260930478608272232e-01
5.154900062131078098e-01
5.131774374091084834e-01
4.988219041389964636e-01
4.997163888547477284e-01
5.027707588889347434e-01
4.999563749003010371e-01
4.917095860619455361e-01
5.013744938956101738e-01
5.054106010266374849e-01
5.105157696314082116e-01
4.971419909116672753e-01
5.124356514507601990e-01
4.916877626036394999e-01
4.849463451416822779e-01
4.802557218869262790e-01
4.757177821177338561e-01
4.699144919247575380e-01
4.699144919247575380e-01
5.123702050744464165e-01
5.040361442197798247e-01
5.086395129117553537e-01
4.893097103345740440e-01
4.847718207442819893e-01
4.815211072177714158e-01
4.799284485532226419e-01
4.862990155789864155e-01
4.862990155789864155e-01
5.018544681684079523e-01
4.951130179810809273e-01
4.951130179810809273e-01
4.913168794420762486e-01
4.877389078537012201e-01
4.810629389497490527e-01
4.812156551606825428e-01
4.741688009134758519e-01
4.470721815890454920e-01
4.523300642230583257e-01
4.342874857068674266e-01
4.395017279693421708e-01
4.420106773544175693e-01
4.413561612306888815e-01
4.357055719768067048e-01
4.426433525663094892e-01
4.496902220853554732e-01
4.489702770388437347e-01
4.456977226004963932e-01
4.472685425348998378e-01
4.472248825281396889e-01
4.477048764361593602e-01
4.413343399540741729e-01
4.626494576367730094e-01
4.666201336633260532e-01
4.724016178515269004e-01
4.740378907073178882e-01
4.509556074162006101e-01
4.458286328066543569e-01
4.419452091611905664e-01
4.396544441802754943e-01
4.072563127587507381e-01
4.088271326931540717e-01
4.074090311513755003e-01
4.111833680489873077e-01
4.071035987295086311e-01
4.059909448814362776e-01
3.991186150316298198e-01
4.021293425125872512e-01
3.856139435592614850e-01
3.859848419926639185e-01
3.826031964430821608e-01
3.800724432349225079e-01
3.678331680018558925e-01
3.640806436540934277e-01
3.644297186291899360e-01
3.614844397062375592e-01
3.572519541758252259e-01
3.559211202869750901e-01
3.561392850559136347e-01
3.506196103715720214e-01
3.526049407489288412e-01
3.526049407489288412e-01
3.345405540462711436e-01
3.285409050891318072e-01
3.311807494085259873e-01
3.443799731871881598e-01
3.288026971394606424e-01
3.363513316642405826e-01
3.272100559284424892e-01
3.264028235937804223e-01
3.390348163551729632e-01
3.396675112022868315e-01
3.450999356872305190e-01
3.429182247287975160e-01
3.535648914762157258e-01
3.570555954116623187e-01
3.566847100684076843e-01
3.747273082198204763e-01
3.782180077918844141e-01
3.782180077918844141e-01
3.749236691656747666e-01
3.772798979764341309e-01
3.772798979764341309e-01
3.933371308434289171e-01
4.013002889013103092e-01
3.926171683433866133e-01
3.952351913861660293e-01
3.907845585403458277e-01
3.831268154508007950e-01
3.850248934470684725e-01
3.877302015963068893e-01
3.793961101979617667e-01
3.903700284621705041e-01
3.975914376504560144e-01
3.927044381780063764e-01
3.956279132778746099e-01
4.043328725659436351e-01
4.068636235924120159e-01
4.034383703966618051e-01
4.271751654481251159e-01
4.204991790906424387e-01
4.148486072902908828e-01
4.088489408796209257e-01
4.124923762978401909e-01
4.132123235260432015e-01
4.109870201932810385e-01
4.153067450146345485e-01
4.115542490288593425e-01
4.104634186390930806e-01
4.352038069710727486e-01
4.319748972676463183e-01
4.319748972676463183e-01
4.291605132790126120e-01
4.317348806784145343e-01
4.124705550212253713e-01
4.099179958082902475e-01
4.072126876590518307e-01
4.102452364166240262e-01
4.015184733054707467e-01
3.905663894080247944e-01
3.870974914773537279e-01
3.876865415895468514e-01
3.905882128663308861e-01
3.905445528595706817e-01
4.100052678246013382e-01
4.100052678246013382e-01
4.109433776400516214e-01
4.250589074110797116e-01
4.316476413874732465e-01
4.269788066839621532e-01
4.287459875642198326e-01
4.324548409967655105e-01
4.318657930662637701e-01
4.258224993742035780e-01
4.252989130918548577e-01
4.340038571080847007e-01
4.285496288000568144e-01
4.302513283969395808e-01
4.242080674302491916e-01
4.236626445994464696e-01
4.377999956470894349e-01
4.440614366545574954e-01
4.560825602088335873e-01
4.575443064855330144e-01
4.727288759133912444e-01
4.671873799524349224e-01
4.490793354247084590e-01
4.523737089579791815e-01
4.447159855036559306e-01
4.376036477913830547e-01
4.351601469643126552e-01
4.376472750727734007e-01
4.419888364425808569e-01
4.148922345716810622e-01
4.078235612295508239e-01
4.027183948064714802e-01
3.976132436552314298e-01
4.095470821030485209e-01
4.153722088444788962e-01
4.123832851866056082e-01
4.192774210411875369e-01
4.306222442838726905e-01
4.248843851953707507e-01
4.270006279605769173e-01
4.259097822989713067e-01
4.286368964529852499e-01
4.282223860100317081e-01
4.336984203228351764e-01
4.445196071042710750e-01
4.462213241546844067e-01
4.509119626812797543e-01
4.639148407859269296e-01
4.583951486480546955e-01
4.524609635207597624e-01
4.431233246574159956e-01
4.442141703190215507e-01
4.355310323075672341e-01
4.288768846802298862e-01
4.148049821905919199e-01
4.119905982019582136e-01
4.228336062600089318e-01
4.367964350919429362e-01
4.310803972800557604e-01
4.310803972800557604e-01
4.345711012155022424e-01
4.346801923267367695e-01
4.047037382739763767e-01
4.072345089356665948e-01
4.072345089356665948e-01
3.944497977816493473e-01
4.054455242323247721e-01
4.074963009859953189e-01
4.127759918064749511e-01
4.275896933446092230e-01
4.249716528482991862e-01
4.278515028484685123e-01
4.229645186478581675e-01
4.273278707506019125e-01
4.309276636155916496e-01
4.316694299387181522e-01
4.471376454188897287e-01
4.428833386118627424e-01
4.438869297106877720e-01
4.494284278533353660e-01
4.248843830136794786e-01
4.279169339529429461e-01
4.483812116548114846e-01
4.449123115424490904e-01
4.598132501898332669e-01
4.510428597972897524e-01
4.434287614426655200e-01
4.497120280901309997e-01
4.509555899626699893e-01
4.577406499778566284e-01
4.629330862355557907e-01
4.623876634047530132e-01
4.733833920371198767e-01
4.751287363689234988e-01
4.658565482452761142e-01
4.910987321266683248e-01
4.974038004155266202e-01
4.998691050656812185e-01
4.929749713927906174e-01
4.816738081568656127e-01
4.816956316151717044e-01
4.747796548487530632e-01
4.777031299486212412e-01
4.748669421369033361e-01
4.756305297366446028e-01
4.741033370836316152e-01
4.672746323335241203e-01
4.724888898678379912e-01
4.645039083516504519e-01
4.507592464703462642e-01
4.484466405775945907e-01
4.470503930378005308e-01
4.446068943924214034e-01
4.479885224884727069e-01
4.536608981119084616e-01
4.540099599968569488e-01
4.613404450245376931e-01
4.603586904741666097e-01
4.669910320967285422e-01
4.636530487355980945e-01
4.590714991385460575e-01
4.510210537925142815e-01
4.591151264199363480e-01
4.473776314644430374e-01
4.534645393477454989e-01
4.464176851005387525e-01
4.368182214614965142e-01
4.407016451069603602e-01
4.423379135993686928e-01
4.483375647381993012e-01
4.497992957430594352e-01
4.509774265111240465e-01
4.355528732194038910e-01
4.374727528570643842e-01
4.421197488304302037e-01
4.413343377723827898e-01
4.444978010994956041e-01
4.497120259084396721e-01
4.491011545196318400e-01
4.448032204312146187e-01
4.417488482153363871e-01
4.415961320044028970e-01
4.686491065939125122e-01
4.686491065939125122e-01
4.705908271434096068e-01
4.648966106081371397e-01
4.577188439730812131e-01
4.545117402744302537e-01
4.437560173228385363e-01
4.460686057620597000e-01
4.414652348883928434e-01
4.392399381007046633e-01
4.220263739253468649e-01
4.212191437723760701e-01
4.162885170185362527e-01
4.187756429453056151e-01
4.264333860348507033e-01
4.291604827353340257e-01
4.318876121611872620e-01
4.361200824197602466e-01
4.299240703350752923e-01
4.327602756003237627e-01
4.406362009123379053e-01
4.489702595853131140e-01
4.504974369664869749e-01
4.580897271346444088e-01
4.599659685824579736e-01
4.664019667126962365e-01
4.781831064031104028e-01
4.726634317187689005e-01
4.884588703537435794e-01
4.796884777795087373e-01
4.803647955446302964e-01
4.722488994589021383e-01
4.783358226140438929e-01
4.817174354382558477e-01
4.921677543299678437e-01
4.975128915267611474e-01
4.839863944143954488e-01
4.839863944143954488e-01
4.857971873042040700e-01
4.797102837842842638e-01
4.988873505153101906e-01
5.070905338891886771e-01
5.128283907959991783e-01
5.026398617729246343e-01
4.891570093954797915e-01
5.023780369972261628e-01
5.009381294506720650e-01
5.038616023688489154e-01
4.826773861655427322e-01
4.862335539308335064e-01
4.788812454448466149e-01
4.757832328574301828e-01
4.839646080448417598e-01
4.866262736408507039e-01
4.846845509096622262e-01
4.879352666178642384e-01
4.926476936957044361e-01
5.016580897690230412e-01
5.088358913111401538e-01
4.893751763461096638e-01
4.780085645521795490e-01
4.772013518527393194e-01
4.801466329573830238e-01
4.960729687083678674e-01
4.831573582566491831e-01
4.862990155789864155e-01
4.712453258136076184e-01
4.890043106380768667e-01
4.860808333565173611e-01
4.936512869762208489e-01
4.888297535153068307e-01
4.871934828412071150e-01
4.842700251948695023e-01
4.870189453536589164e-01
4.868226018613351913e-01
4.883716005191238163e-01
4.845318346987288471e-01
4.771795262127419557e-01
4.808665910940427834e-01
4.650493115472313921e-01
4.856226781786430746e-01
4.849681642366057699e-01
4.991928047540903912e-01
4.940439935960901363e-01
5.097740360336515675e-01
4.854481428727862036e-01
4.839427845865357791e-01
4.843572950294892654e-01
4.983201085895840321e-01
4.878916240646347102e-01
4.843136502945684096e-01
4.872153084812045898e-01
4.996509402967428404e-01
5.089231785992905932e-01
4.886115865646770140e-01
5.001091085647650925e-01
5.059778800411163235e-01
5.021380814953515515e-01
5.097085722038072753e-01
4.850554362529168606e-01
4.888297535153067752e-01
4.705035420369504950e-01
4.723579927518279375e-01
4.758050694058841845e-01
4.678418764409416619e-01
4.723579949335192651e-01
4.756741570180349488e-01
4.768522725142602670e-01
4.777249512252360053e-01
4.777249512252360053e-01
4.713762229296176165e-01
