4.304389887577969587e-01
4.242255231425263173e-01
4.183262210777980994e-01
4.383977707792222622e-01
4.384326830764528893e-01
4.497600331533304074e-01
4.619251317540843393e-01
4.689240027550048984e-01
4.650144153945167114e-01
4.456759139776913514e-01
4.369142328969101152e-01
4.473863390308522314e-01
4.449253842368577350e-01
4.479274072057738421e-01
4.497076620894550070e-01
4.360066423250419376e-01
4.412601602673936196e-01
4.296186571120920172e-01
4.105942930655133161e-01
4.132472366959502597e-01
4.117113312404687697e-01
4.124792778594738030e-01
3.997905698504431449e-01
3.991622532214766927e-01
4.206650011576926751e-01
4.110132004891595692e-01
4.382581530066550490e-01
4.461122417702151344e-01
4.555720501115995136e-01
4.571777714347768362e-01
4.719958276287923304e-01
4.658347348227501739e-01
4.636705005208307528e-01
4.466707774385471064e-01
4.469151129039222181e-01
4.391831988544618315e-01
4.837769590287793742e-01
4.723449052219182431e-01
4.760101448995598394e-01
4.973034452326885457e-01
4.954009929453178640e-01
5.090671248474429866e-01
5.222445439303445847e-01
5.184047602200807514e-01
5.015795462633578783e-01
4.998690932845480939e-01
5.036565059309365822e-01
5.043371918784254060e-01
5.002705297240781501e-01
4.841609279748992911e-01
5.039357798738381966e-01
4.801291798631357466e-01
4.801815264920683002e-01
4.978445046808448460e-01
5.035867424238325007e-01
5.143206811875618012e-01
5.265730160248892622e-01
5.174098950138719122e-01
5.183349460977378920e-01
4.991186176496592575e-01
4.993280512899223034e-01
5.016144585605883943e-01
5.000261942587028718e-01
4.998167606184399370e-01
5.025395061537483166e-01
5.031329192122494520e-01
5.056636898739397257e-01
4.982808412001339948e-01
5.087529595515476455e-01
4.920673755848634090e-01
4.866742416152976536e-01
4.851557914357549350e-01
4.775809521801536173e-01
4.712278670469627895e-01
4.722750771367510980e-01
5.130988991395024623e-01
5.074439587204453428e-01
5.037612480586873831e-01
4.919452008707635993e-01
4.878261920874837898e-01
4.833580934936064777e-01
4.781394651588956046e-01
4.853826960601342333e-01
4.847369241552289543e-01
4.987695505286516839e-01
4.948599369878675103e-01
4.948599369878675103e-01
4.925735297172014748e-01
4.849288885567287766e-01
4.795881134335669982e-01
4.802513406144109931e-01
4.715769463854417864e-01
4.497076620894550070e-01
4.506501667039065628e-01
4.358495814940075985e-01
4.404922136483886419e-01
4.434942243998333256e-01
4.394100895160166220e-01
4.374552888543602469e-01
4.371585840704627079e-01
4.486953677876033275e-01
4.538441680371469999e-01
4.454141092735529606e-01
4.488698996027541410e-01
4.476655885388110545e-01
4.473339819298011721e-01
4.441225375380936091e-01
4.624836464781793555e-01
4.647875107701374131e-01
4.736888218409571749e-01
4.749978401255899874e-01
4.493062518302208264e-01
4.434069480201394131e-01
4.423422826544124442e-01
4.410856267068897774e-01
4.116240566061281081e-01
4.082380803992696761e-01
4.083253410707859965e-01
4.091282174405520555e-01
4.053931496777432031e-01
4.052884442024066169e-01
3.990575215658441754e-01
4.021118894183398074e-01
3.860197342183343538e-01
3.857579399863143021e-01
3.833842458638361261e-01
3.831573552022813356e-01
3.681124188188295010e-01
3.640981032934148542e-01
3.626669120400353163e-01
3.619513242674343156e-01
3.569247004773435927e-01
3.560520239480590710e-01
3.570992322924944062e-01
3.498909293966638856e-01
3.542717568469065381e-01
3.506763330369607190e-01
3.299415421918681091e-01
3.305000569159631807e-01
3.305000569159631807e-01
3.388602998118613874e-01
3.285277992330151164e-01
3.397504071821417782e-01
3.252639837774320419e-01
3.305873158421264169e-01
3.428222303105761815e-01
3.372196504832760677e-01
3.502399965176715702e-01
3.459289570094757904e-01
3.532594485822304620e-01
3.600837877680002630e-01
3.591587506469587354e-01
3.710097014053477804e-01
3.763853888257401303e-01
3.798760949428779399e-01
3.732088619673221142e-01
3.816389189855630137e-01
3.809233189954906451e-01
3.966663966023700194e-01
3.998603822274328090e-01
3.932978512365076229e-01
3.904529309870994336e-01
3.916223297538120041e-01
3.851994147901008914e-01
3.849899811498379565e-01
3.871542276692286899e-01
3.811152833969904119e-01
3.918841187497729139e-01
3.983419337932431747e-01
3.929837016487896517e-01
3.958635359407813858e-01
4.039445293287206584e-01
4.029671193984508126e-01
4.074352214830341268e-01
4.272449752070851536e-01
4.206999012374518787e-01
4.152543962040107783e-01
4.074177522442709032e-01
4.116240583514813034e-01
4.149751344785804763e-01
4.110132004891595692e-01
4.153241981088820478e-01
4.160398120617788686e-01
4.117462452830524811e-01
4.315385559486362155e-01
4.292870487577292726e-01
4.305786065303641164e-01
4.280129357889148056e-01
4.357797411913688634e-01
4.112749929758265921e-01
4.061611207316910277e-01
4.075399374304891076e-01
4.026529575932614735e-01
4.005061680951625402e-01
3.917445009772057563e-01
3.895802544578149673e-01
3.891613609969931664e-01
3.867353481712313412e-01
3.932978529818605962e-01
4.103499715629626010e-01
4.081857372610432355e-01
4.107513940396682051e-01
4.250283698412904987e-01
4.322017866201862679e-01
4.213980459515854204e-01
4.298281047151794598e-01
4.354830329167652669e-01
4.301771596187157209e-01
4.267737124277409810e-01
4.252378191897309700e-01
4.349245339008476208e-01
4.289554159684236256e-01
4.297931784551243806e-01
4.240509791099039694e-01
4.228117801836732137e-01
4.431625898651745388e-01
4.465136625015677652e-01
4.557465819267504381e-01
4.580155461389491256e-01
4.718038370469966880e-01
4.656776460660667638e-01
4.534078158096802591e-01
4.503011030736051024e-01
4.421154059556821059e-01
4.362510039707130360e-01
4.349768892565455403e-01
4.390086513311336480e-01
4.415917668764033910e-01
4.129156300869405993e-01
4.068417962070614569e-01
4.010472240526127274e-01
3.979928562001170955e-01
4.066672504290863577e-01
4.120080377697193930e-01
4.102452276898587158e-01
4.146435104160401397e-01
4.271228022383384837e-01
4.267039209949879952e-01
4.273322498414259263e-01
4.311720213342183361e-01
4.275067816565766288e-01
4.272624339737299826e-01
4.363033628171171796e-01
4.452570205168694950e-01
4.455362700248282626e-01
4.492887808461045185e-01
4.625534606005222704e-01
4.603368552347274489e-01
4.520639009359944671e-01
4.487826267137665082e-01
4.417139538079746797e-01
4.309800307524227492e-01
4.244524155494341922e-01
4.131948935577238191e-01
4.148180719021928864e-01
4.221485495121232168e-01
4.355703180232243232e-01
4.294441252969413148e-01
4.343834779433974336e-01
4.345754685251931315e-01
4.338773238110594233e-01
4.051837142921271839e-01
4.095296521347290830e-01
4.052360731385311610e-01
3.945894229719669744e-01
4.028973070214610930e-01
4.097739876001043058e-01
4.149751344785804763e-01
4.249062090900151967e-01
4.270879004132262513e-01
4.265817602437126932e-01
4.242953512276935735e-01
4.277860329098885361e-01
4.284492618360855043e-01
4.300200691166791711e-01
4.445937898453194426e-01
4.445937898453194426e-01
4.443145403373606195e-01
4.487477388514786725e-01
4.267213640534553987e-01
4.312243784352693399e-01
4.465485922523289020e-01
4.447857804271150850e-01
4.572824873822318170e-01
4.518893534126661171e-01
4.460075223320541515e-01
4.472118072157014734e-01
4.527620299419504724e-01
4.598132562985689509e-01
4.622742110925633918e-01
4.600052608431891565e-01
4.779300315186327808e-01
4.724321693841406211e-01
4.724321693841406211e-01
4.911423681348239256e-01
4.956279097871684192e-01
4.946155893050209196e-01
4.948250508709328699e-01
4.800768087992602906e-01
4.819094364921697737e-01
4.758705009466968616e-01
4.788725239156129132e-01
4.753294589520710711e-01
4.770049961429441154e-01
4.724670677185467405e-01
4.670041039184607001e-01
4.806876788790532262e-01
4.664107048227839059e-01
4.530238363914420030e-01
4.486080931532626659e-01
4.443843562050563412e-01
4.431451590241786143e-01
4.475608987716519493e-01
4.519591814978333733e-01
4.453093776179205543e-01
4.610000981237488693e-01
4.602146944834520914e-01
4.650144136491635161e-01
4.616109821663663126e-01
4.549611905039249171e-01
4.562702052978516720e-01
4.572825013450563247e-01
4.468802093334570680e-01
4.504930796925762371e-01
4.478226912583188613e-01
4.357971947219546616e-01
4.417313968664419721e-01
4.405271137281477900e-01
4.477005147988659672e-01
4.507374273754228833e-01
4.506676237251984740e-01
4.386596016636565842e-01
4.412427154635732984e-01
4.448381375281661443e-01
4.442098086817282132e-01
4.457980869464381324e-01
4.474910689411316644e-01
4.474561548985480641e-01
4.462518700149008533e-01
4.429531405167341229e-01
4.456409859722832989e-01
4.685400215914136690e-01
4.652064042309592695e-01
4.677197178713576875e-01
4.638450305906284821e-01
4.576141201715374640e-01
4.534601729107311519e-01
4.454141075281999318e-01
4.445588758027358978e-01
4.402129501776054221e-01
4.362859215040028604e-01
4.192861704960701985e-01
4.186403863736935516e-01
4.171219239766794651e-01
4.167903016594921572e-01
4.263373881259232556e-01
4.302295167197666137e-01
4.322541315037657372e-01
4.359542712611667037e-01
4.305436802703090926e-01
4.335107752338170917e-01
4.386246736582484762e-01
4.474212548187887495e-01
4.506152526613230735e-01
4.584518826582382189e-01
4.628501688751257559e-01
4.681211403480631250e-01
4.775460521003944692e-01
4.758879736761663648e-01
4.863600780647552857e-01
4.818396188791210233e-01
4.867615267217567654e-01
4.730604929945193549e-01
4.780871063124917386e-01
4.803036994608150256e-01
4.919452148335879960e-01
4.971638169880029379e-01
4.853128662296139484e-01
4.853128662296139484e-01
4.864996958373223879e-01
4.816301730213865540e-01
4.959595181415312193e-01
5.090147939266879140e-01
5.114059171448088748e-01
5.026791378891399820e-01
4.929051502890356429e-01
5.000436373171702753e-01
4.974256077293169875e-01
5.037961481384465312e-01
4.808796712062018974e-01
4.885068693082073032e-01
4.720656434964879966e-01
4.755039802951035455e-01
4.794659509369386119e-01
4.839689653187525531e-01
4.831660889489864386e-01
4.913168842417970916e-01
4.932716587231576466e-01
5.017715455719187201e-01
5.077057773874080748e-01
4.902173065788395512e-01
4.790470557307637267e-01
4.784711014389074757e-01
4.808273263226223726e-01
4.978270459142000171e-01
4.889955768913719081e-01
4.846321942449495768e-01
4.724321658934345081e-01
4.890828515257125142e-01
4.904965683042696867e-01
4.928004325962277443e-01
4.900602300396275091e-01
4.868313286266280349e-01
4.841783972136625147e-01
4.852081380646875997e-01
4.858015650860131873e-01
4.874247434304823656e-01
4.830439159802397131e-01
4.755738048895646886e-01
4.796230239854445410e-01
4.672659086225990910e-01
4.901300441619702575e-01
4.850510737429470365e-01
5.003229147507780583e-01
4.933938474000818530e-01
5.075836166361328283e-01
4.864822649963265744e-01
4.871629631612867106e-01
4.908456458973956549e-01
4.963958581515265922e-01
4.908107318548121656e-01
4.854699549862973029e-01
4.876341927789228370e-01
4.959420611202395301e-01
5.082817473874421399e-01
4.878261798700123109e-01
5.007941530951793840e-01
5.014574082016723944e-01
5.024173314396486179e-01
5.050353889531506990e-01
4.845972802023659765e-01
4.889257488062046519e-01
4.763417532539227506e-01
4.738459105976405850e-01
4.754341766448790807e-01
4.681036850721244091e-01
4.750501972266409356e-01
4.777031268942534825e-01
4.742298777984074176e-01
4.779649315983918179e-01
4.726765135762810432e-01
4.717340229246538286e-01
