4.311022185566704690e-01
4.234226563722019443e-01
4.228117740749375852e-01
4.358146485434324369e-01
4.381126981916758090e-01
4.491811556859930943e-01
4.611804463279673971e-01
4.648747798775267337e-01
4.660819853186253248e-01
4.462722455573986391e-01
4.386944941802191078e-01
4.447741304863413458e-01
4.477412205046822358e-01
4.495156758710419642e-01
4.538208800821786348e-01
4.393926295858030517e-01
4.382145206346517163e-01
4.287750724184799522e-01
4.131832386717830263e-01
4.124996391482551039e-01
4.123251111147026027e-01
4.111324430101210292e-01
4.022020677383855713e-01
3.990895316318305852e-01
4.205428296434067792e-01
4.135177806737450612e-01
4.352037895175421833e-01
4.438723749206401337e-01
4.529336574896118406e-01
4.598132516442941520e-01
4.699363081107592599e-01
4.632748874517806925e-01
4.612677343433481680e-01
4.429706237183217987e-01
4.450359450808137329e-01
4.388399388139722634e-01
4.819501564517027492e-01
4.764959397793619433e-01
4.764813937160796153e-01
4.934694837293358560e-01
4.973528841034255965e-01
5.085086077962105433e-01
5.223259847220869112e-01
5.218314636587764177e-01
5.078104520281740974e-01
5.042470141401639294e-01
5.042470141401639294e-01
5.045815445064389948e-01
5.000290979444080852e-01
4.828664537173035232e-01
5.050906130874927014e-01
4.809465886242518806e-01
4.800884407047190661e-01
5.006690752771588704e-01
5.046834120377022836e-01
5.128865714129761111e-01
5.250458222083075333e-01
5.216423750173327933e-01
5.190098182741885724e-01
4.988946315464861669e-01
5.009308782359441770e-01
5.057014852035308650e-01
5.012217544133025227e-01
5.011635861592430574e-01
5.017890043385636600e-01
5.003199944842188218e-01
5.060360272054928998e-01
5.039416108075146505e-01
5.033598133645104111e-01
4.932513044157886273e-01
4.876080121921520516e-01
4.873025754069025273e-01
4.785758101140579757e-01
4.703435542488368371e-01
4.729761255365898531e-01
5.152427791340528085e-01
5.064723814692048132e-01
5.059342149437430214e-01
4.909678008308275832e-01
4.865608076293151396e-01
4.838118780165299726e-01
4.773976895272194487e-01
4.853245187884172585e-01
4.858481261604488122e-01
5.010327006789201398e-01
4.934549274848273881e-01
4.966111163258381533e-01
4.915495880926056826e-01
4.857899360894761820e-01
4.813392901535080703e-01
4.807429539195258728e-01
4.692672575594352691e-01
4.492247778767703426e-01
4.481484899141340850e-01
4.354946860573529754e-01
4.394508211112366780e-01
4.415161541094157482e-01
4.399162369578346055e-01
4.392471864065107812e-01
4.362364538349401966e-01
4.504756258710984063e-01
4.527300460562601603e-01
4.459522641633276163e-01
4.488320894376620629e-01
4.471012664433057782e-01
4.479448566638690177e-01
4.460540633349296402e-01
4.616458752647132346e-01
4.633621391056395034e-01
4.721325469517134721e-01
4.749978392529135007e-01
4.483666619553769439e-01
4.434942194546661054e-01
4.393635447315429321e-01
4.401780399166200231e-01
4.118160512604142620e-01
4.090525726754249969e-01
4.072635828814701320e-01
4.118596967225654493e-01
4.058527558257935541e-01
4.042092281191224656e-01
3.983768370728162367e-01
4.005439808782842448e-01
3.894319026476504852e-01
3.877883633052923162e-01
3.840067577394219445e-01
3.829740919675628796e-01
3.674986383628113251e-01
3.640370156454728057e-01
3.624807410471213021e-01
3.613898953855157470e-01
3.568956068963181072e-01
3.533467296161990068e-01
3.568374270065716725e-01
3.500596451136391285e-01
3.523867810706034498e-01
3.523867810706034498e-01
3.293044926888730739e-01
3.294790221768864602e-01
3.311516551002700592e-01
3.370131310008364633e-01
3.311225586103229701e-01
3.416819373423603534e-01
3.298135423619353301e-01
3.342496524158473648e-01
3.427727815495051344e-01
3.388166479500822614e-01
3.515431923045009843e-01
3.483579069735430189e-01
3.519649743246346940e-01
3.595427271562752214e-01
3.616226047632755680e-01
3.714983970619331610e-01
3.770253513229898101e-01
3.809814863768736237e-01
3.760654245943075291e-01
3.830904721095082510e-01
3.812142059358595847e-01
3.990895316318304187e-01
3.987549896298683838e-01
3.913808729574148049e-01
3.866247916906579984e-01
3.927917145577001778e-01
3.847485356982354721e-01
3.857812131057816729e-01
3.866538867261443690e-01
3.839194828141890281e-01
3.931844117235737124e-01
3.998603929904433474e-01
3.930098851444821517e-01
3.955697392059716044e-01
4.030602142034573343e-01
4.029438529695035243e-01
4.102743270887276861e-01
4.286296277847267411e-01
4.211536886692971993e-01
4.161939828790406359e-01
4.102161384722158854e-01
4.099688815767129069e-01
4.127614450159621806e-01
4.148413444398758032e-01
4.133141343333321949e-01
4.159321784657943333e-01
4.154522151014532483e-01
4.319748921770332206e-01
4.293277733715370470e-01
4.285714478949802508e-01
4.294295754520607300e-01
4.344765474407846217e-01
4.102306961711852384e-01
4.076999356907211602e-01
4.053437046982704683e-01
4.025365966501996962e-01
4.000494699961998912e-01
3.925299086899931011e-01
3.875556452007671848e-01
3.861884490626332211e-01
3.844431120031339688e-01
3.962824119480726215e-01
4.075399449936856766e-01
4.068999894778482229e-01
4.091107642008586787e-01
4.265206522333182537e-01
4.309858587771775440e-01
4.235971945869805855e-01
4.294441229698038320e-01
4.321057791118170788e-01
4.302440604559115145e-01
4.302440604559115145e-01
4.289641494242364961e-01
4.323384986708030397e-01
4.292114048652786451e-01
4.286587024577606653e-01
4.261279448862183572e-01
4.241207917777859993e-01
4.440469014997317498e-01
4.488466151384919445e-01
4.538935958539813131e-01
4.607441167900904744e-01
4.701399311797980762e-01
4.617331516444071471e-01
4.515082930974183562e-01
4.510574247685634752e-01
4.415307118083850457e-01
4.393490088494867440e-01
4.365855186288105649e-01
4.395235368830394118e-01
4.358146456345106667e-01
4.164412397745436700e-01
4.085289696667760428e-01
4.010239558783124103e-01
3.988131695196148740e-01
4.049655332332269264e-01
4.102888644252447037e-01
4.112924453428436489e-01
4.165575864638887960e-01
4.271897042391030186e-01
4.266079286130119996e-01
4.294004905978005548e-01
4.307531406726521905e-01
4.284260047156878692e-01
4.279896620876629254e-01
4.392471864065108922e-01
4.448468593482918787e-01
4.445268764997599154e-01
4.476975997683660391e-01
4.621113012925375241e-01
4.625912762925656896e-01
4.533700015720976695e-01
4.481339423963908719e-01
4.413852439032577846e-01
4.315240020312651192e-01
4.260552276599550159e-01
4.134741497562026691e-01
4.155831136719241314e-01
4.239608112619767666e-01
4.351456183545610035e-01
4.306222333754161635e-01
4.337347898444234851e-01
4.326439441828179855e-01
4.328911996238600790e-01
3.997004022934078638e-01
4.105070451932528730e-01
4.046601080836643161e-01
3.964569501628513737e-01
4.068999792966219720e-01
4.079035485785338366e-01
4.182302208417332245e-01
4.235099298429740311e-01
4.283241924539380463e-01
4.219973007067737147e-01
4.237281120654429745e-01
4.289205170522332189e-01
4.286441651212437587e-01
4.305058634146968211e-01
4.422579189780813103e-01
4.453559279293455297e-01
4.394653686289798356e-01
4.477557912937994988e-01
4.283678131902544095e-01
4.316985300648176760e-01
4.444105283559540709e-01
4.474794408172710902e-01
4.551735170668824715e-01
4.511446662411961461e-01
4.447741421220283708e-01
4.480175840713587765e-01
4.601186971563089867e-01
4.592169270459991459e-01
4.603077843432917260e-01
4.619076898591856772e-01
4.789830577065965489e-01
4.721470973783785108e-01
4.707071738327546773e-01
4.907496636966459103e-01
4.918114012326171292e-01
4.946766804436690812e-01
4.961311529614969573e-01
4.793757577813919646e-01
4.860080964950319604e-01
4.706926234060896941e-01
4.795212125963710936e-01
4.723943513649596082e-01
4.786776223758077431e-01
4.772376973757232466e-01
4.726852275423181760e-01
4.803938745810468203e-01
4.672164749879212375e-01
4.513046685739186548e-01
4.488320778019749269e-01
4.426797257240500105e-01
4.432324179503417949e-01
4.462576980396555371e-01
4.519737293064687300e-01
4.477848746935988999e-01
4.621840287000271164e-01
4.615295256664464496e-01
4.664892416379290974e-01
4.606132196740803653e-01
4.577042979097988851e-01
4.560316766221023665e-01
4.571225121024817262e-01
4.479739604261207542e-01
4.502865503198027475e-01
4.517555485384605052e-01
4.356255700832150635e-01
4.400616786826661020e-01
4.390581094007542373e-01
4.471885399140775874e-01
4.501410955048233409e-01
4.439741944546944930e-01
4.423306594757190346e-01
4.432469640136241229e-01
4.445705175985287805e-01
4.462140540319651794e-01
4.440323743444410387e-01
4.488611728374613530e-01
4.459813359274399924e-01
4.461849589964788088e-01
4.436978221612528084e-01
4.445705074173025295e-01
4.695145130004775846e-01
4.642784552792316721e-01
4.658201925410661581e-01
4.615295256664464496e-01
4.544317594705213348e-01
4.534572634071825092e-01
4.497483954300280362e-01
4.444105152658061608e-01
4.414725101017253905e-01
4.359455776575818509e-01
4.216191277872692322e-01
4.166594118157865290e-01
4.187538267593040042e-01
4.176629810976983936e-01
4.264333802170071075e-01
4.288623269812604222e-01
4.326439325471309050e-01
4.346219891656161738e-01
4.324548468146090507e-01
4.349274259508657536e-01
4.391890079712252315e-01
4.475957889610769347e-01
4.512610362019153221e-01
4.564098160890064371e-01
4.608313815340970288e-01
4.671437446715097086e-01
4.768304614188716428e-01
4.757250696939839263e-01
4.868807701153946010e-01
4.797830155551565667e-01
4.850190834576286747e-01
4.775140478522517107e-01
4.779503904802765990e-01
4.797684564017263287e-01
4.923059252048493928e-01
4.988509991744828898e-01
4.854990351862827347e-01
4.881752490272652789e-01
4.862989843080774421e-01
4.818192535178491553e-01
4.952002878157006904e-01
5.048870263799758451e-01
5.100939861568135614e-01
5.039270749254585180e-01
4.957966211407611179e-01
4.998981891927109511e-01
5.003199944842188218e-01
5.059487624614862344e-01
4.824155882973704124e-01
4.915059571750632350e-01
4.734270171368186730e-01
4.747505721761842157e-01
4.790848801495724563e-01
4.812956679627308776e-01
4.857899331805544674e-01
4.922768272604412521e-01
4.942112413256971593e-01
5.020071749253456339e-01
5.037961792639092939e-01
4.892951809975918942e-01
4.797975630728997243e-01
4.804375302244243695e-01
4.840009564767474015e-01
4.943857926306236550e-01
4.893970034405679126e-01
4.818338112168185638e-01
4.790848801495724563e-01
4.871716913810404392e-01
4.893824544683638145e-01
4.919132134943670631e-01
4.879861734759695646e-01
4.877534539169834926e-01
4.853826870424767237e-01
4.845972665304336680e-01
4.876807279639547299e-01
4.890333765843457026e-01
4.820665176856568368e-01
4.758559726278373536e-01
4.802484401285198601e-01
4.705617161088535561e-01
4.925822625912300023e-01
4.860953801470301872e-01
4.957239053689585506e-01
4.957093578512152821e-01
5.047852242994521621e-01
4.864880816762864324e-01
4.864299119677659711e-01
4.909241902757373599e-01
4.937021960160175027e-01
4.912732477973033585e-01
4.868226004068742507e-01
4.868226033157960764e-01
4.970183639183767266e-01
5.078832216150294121e-01
4.890042917300854164e-01
4.978910477199655626e-01
5.029235027346250497e-01
5.037089028842157701e-01
5.050906596302408014e-01
4.823283220989029174e-01
4.890915564740921373e-01
4.769904419346809310e-01
4.742269749853788574e-01
4.756087084600298387e-01
4.690927193446567389e-01
4.735288293985686625e-01
4.798557313269591895e-01
4.740524353161393312e-01
4.781685625215194579e-01
4.737615475030937939e-01
4.753323579835013746e-01
