4.315011557752886917e-01
4.242953335248267899e-01
4.217645641098173859e-01
4.356401184320787268e-01
4.385573464146780842e-01
4.484186036623999394e-01
4.604739941072791276e-01
4.660341902795772095e-01
4.640644421649912088e-01
4.431576183516553469e-01
4.380711496465562460e-01
4.418735197193205400e-01
4.464363662999989990e-01
4.497276122229228457e-01
4.534302565619627856e-01
4.404024464005441009e-01
4.337451661761367872e-01
4.315011470485233813e-01
4.122648530081356455e-01
4.114295781482155689e-01
4.138481413084511007e-01
4.117412383637996665e-01
4.021293434475977646e-01
3.983145115539953873e-01
4.221759799794639334e-01
4.151571610891008346e-01
4.354281951703457554e-01
4.402528434631288179e-01
4.512859644147543814e-01
4.618952114159374234e-01
4.719808624729958657e-01
4.624437634154380805e-01
4.607233464653530675e-01
4.463241887188825752e-01
4.457631773919052409e-01
4.388066962793904513e-01
4.751474315935422799e-01
4.794734250374076412e-01
4.791368262199781070e-01
4.945333210912606914e-01
5.001184483853198248e-01
5.080598085418506216e-01
5.202648031708257959e-01
5.197287316923746570e-01
5.072494461034801061e-01
5.035218619159139708e-01
5.035218619159139708e-01
5.019385810956830118e-01
5.021380737035967545e-01
4.821413031552946316e-01
5.006046414133992206e-01
4.845972754649791603e-01
4.786630738191640644e-01
5.020258873957149648e-01
5.047810693202722243e-01
5.087953738748960397e-01
5.260743417277518041e-01
5.217483470372056287e-01
5.185319194131795539e-01
5.000810492093168413e-01
4.998815852750605471e-01
5.042823471505936128e-01
5.021505243043080657e-01
5.025494708730319227e-01
5.035218893428906606e-01
5.007417862700185296e-01
5.061897861609888638e-01
5.071123261804758586e-01
5.008913829740300194e-01
4.939349031081960439e-01
4.890977954879360823e-01
4.853577519728934364e-01
4.777156026779160736e-01
4.713076523713291555e-01
4.735641420465460105e-01
5.092316996727308531e-01
5.060028015011013292e-01
5.068006559914456366e-01
4.914041424199518393e-01
4.851084183150308204e-01
4.861307065084958245e-01
4.790121419375162337e-01
4.842856152493949518e-01
4.832758075769794659e-01
4.986099833706250095e-01
4.947577061738318016e-01
5.008041252945475419e-01
4.936855607235681176e-01
4.875394445427853607e-01
4.827646647269277502e-01
4.797352192694277484e-01
4.681535525517053764e-01
4.509368850762753844e-01
4.463865165232848708e-01
4.357273935650917140e-01
4.363507439165980606e-01
4.390809685390985595e-01
4.363881331191548085e-01
4.369865348953697604e-01
4.370613432208214633e-01
4.495904873131956192e-01
4.515851752763079263e-01
4.463865190166463326e-01
4.486679460470279213e-01
4.488549307069154559e-01
4.479074608123481682e-01
4.483063974076260672e-01
4.577437620046940769e-01
4.628676199123500923e-01
4.724546073937254120e-01
4.747485062183912086e-01
4.506501634625366681e-01
4.451523063147675430e-01
4.407764531207418179e-01
4.379340135167022474e-01
4.116664499852399905e-01
4.096343528726787420e-01
4.081258728978150452e-01
4.104073111483234060e-01
4.084749435095287873e-01
4.027402207581391447e-01
3.992619814485625085e-01
3.995611823366699844e-01
3.898994077234155808e-01
3.877675823837685720e-01
3.840026027602419512e-01
3.836410640942862216e-01
3.671599507317748201e-01
3.641928455454847557e-01
3.631331681494628927e-01
3.619238853226644514e-01
3.544562713335439597e-01
3.585079837909360689e-01
3.569620934199427276e-01
3.512772316653939852e-01
3.515639732260247285e-01
3.515639732260247285e-01
3.317791546131129699e-01
3.294478591058058181e-01
3.286873838445721896e-01
3.370152125421389533e-01
3.341852409923413703e-01
3.418024516854731298e-01
3.318539442383534599e-01
3.318539442383534599e-01
3.409921054539525320e-01
3.397828251205154970e-01
3.489584067056903938e-01
3.504918078288689620e-01
3.546557265410348880e-01
3.590814581854323562e-01
3.645793140865206117e-01
3.727450780258338980e-01
3.783800787835415180e-01
3.817959815619506592e-01
3.770087411719356685e-01
3.827808793061780457e-01
3.834540781877178728e-01
4.008951394724843409e-01
3.986884995739817250e-01
3.917694276109159324e-01
3.879670475647056804e-01
3.933153192285900879e-01
3.863588281426291737e-01
3.864211758939236629e-01
3.867951738873560141e-01
3.847506099672335367e-01
3.935147819161655680e-01
4.009824058787320178e-01
3.930410482155627938e-01
3.948736701737408650e-01
4.045728539364440435e-01
4.041240463708791197e-01
4.104073099016427029e-01
4.264146858235088877e-01
4.185979924959094545e-01
4.175383163465683500e-01
4.109558344741667257e-01
4.099210956799904104e-01
4.124518576149152627e-01
4.162667144421327570e-01
4.126139211264879259e-01
4.168027784404993441e-01
4.151820984442656237e-01
4.303916099023413766e-01
4.308154763726994019e-01
4.287085834014939256e-01
4.287958423276571063e-01
4.331218183179919023e-01
4.089860950863459244e-01
4.090234930156680382e-01
4.072532075886574066e-01
4.028025498092221435e-01
3.976163628504832959e-01
3.903731501507838320e-01
3.884657211138345945e-01
3.866954381801856466e-01
3.852742320916541230e-01
3.956092080798097599e-01
4.065924692812750152e-01
4.076895545800650056e-01
4.099086351058330302e-01
4.258038147463713008e-01
4.289454564851991614e-01
4.253051511706882892e-01
4.313390810435892009e-01
4.301671899127090803e-01
4.308653286427750473e-01
4.308653286427750473e-01
4.288457120512633725e-01
4.305411978795875005e-01
4.302544575656374604e-01
4.313640021919040168e-01
4.263897497150249127e-01
4.254672072021764562e-01
4.441300106412180426e-01
4.479822491909078996e-01
4.550758651865959292e-01
4.577437707314594428e-01
4.686771559759145833e-01
4.621071546245625328e-01
4.579931131160873692e-01
4.472592005326537778e-01
4.458005865413540714e-01
4.410133262044469427e-01
4.363881318724741054e-01
4.387443585015421976e-01
4.359268475259018838e-01
4.211536930326797434e-01
4.065051941482619724e-01
4.030768208222494375e-01
3.999351803301023911e-01
4.055327756784034010e-01
4.099460255550705368e-01
4.128258643351130353e-01
4.160048940298169406e-01
4.263772878941867739e-01
4.256542205357213837e-01
4.326605601517156119e-01
4.318252865384762940e-01
4.300799309865458442e-01
4.283470459822187881e-01
4.392804324733549093e-01
4.428085315330916871e-01
4.450525618808318096e-01
4.470597166515054566e-01
4.617206748633998492e-01
4.609976075049343480e-01
4.539538612328526956e-01
4.460374384314865215e-01
4.409883863559209138e-01
4.320496890745779694e-01
4.233229150549681630e-01
4.176131246720201085e-01
4.157805027138419818e-01
4.249186739028871784e-01
4.365876070268572273e-01
4.306035356574358652e-01
4.341316446906187676e-01
4.331966341235283235e-01
4.321868252044320236e-01
4.034508300358086719e-01
4.099585023360777236e-01
4.000349272573995862e-01
3.965691472752996272e-01
4.065675319261102816e-01
4.074277341677490227e-01
4.172515760326183099e-01
4.235847242471573182e-01
4.264770236013571414e-01
4.227868597833668862e-01
4.233229412352639831e-01
4.278857716090928021e-01
4.278359018854863693e-01
4.315135976492348036e-01
4.421851998817966645e-01
4.449902315830681077e-01
4.397167782180814721e-01
4.468228547879269930e-01
4.280478351206654652e-01
4.328849527143713849e-01
4.402403828889714932e-01
4.479947371920419696e-01
4.529689709687097499e-01
4.517970985380408977e-01
4.469350510692548517e-01
4.492040100453945084e-01
4.581676471752634816e-01
4.560732122848540349e-01
4.576939122279798933e-01
4.585665850172220837e-01
4.749479701526475028e-01
4.707092543351565905e-01
4.707092543351564795e-01
4.889232701555253358e-01
4.926259020277575784e-01
4.961290624856489750e-01
4.968147518616845559e-01
4.826773871005533567e-01
4.845598688088917361e-01
4.724171994909571737e-01
4.810567071043193588e-01
4.708339186707262702e-01
4.791118788913673598e-01
4.749853581085236032e-01
4.716691823105195747e-01
4.801590857397857737e-01
4.664206787675052035e-01
4.512111660627487475e-01
4.488923386096835277e-01
4.419109388422153839e-01
4.433695540801959045e-01
4.445538958117875028e-01
4.518345151675743354e-01
4.490045448644574555e-01
4.621320820062810308e-01
4.612968083930417684e-01
4.642389849509325761e-01
4.629923041948119100e-01
4.554623524278431645e-01
4.556618250888647692e-01
4.559984251529750621e-01
4.482565376574658145e-01
4.489422083332899049e-01
4.502013496635678957e-01
4.383204820577381589e-01
4.401780326443155977e-01
4.389936996394893098e-01
4.472217814097588229e-01
4.515727047287044216e-01
4.447159692968061795e-01
4.448780452751864289e-01
4.436438238465423844e-01
4.462493816401115754e-01
4.469101199474940223e-01
4.457881159937507332e-01
4.487552024798295847e-01
4.409135805238306172e-01
4.410881145830067851e-01
4.462867621159030684e-01
4.454265586275836242e-01
4.675302121736451544e-01
4.610973444587855852e-01
4.635533080417047480e-01
4.603742671268739595e-01
4.568586273946137477e-01
4.536546590980643501e-01
4.494658117574990563e-01
4.455013657063546240e-01
4.415743200778938227e-01
4.373854926842204449e-01
4.203558273222086639e-01
4.175133877181689823e-01
4.181990559006315555e-01
4.175632462216484764e-01
4.274743557394460880e-01
4.285589717373133878e-01
4.318252765650302805e-01
4.336952889724459692e-01
4.339446313570738956e-01
4.359019201441833302e-01
4.392804337200355569e-01
4.478201931594196772e-01
4.524204476428664856e-01
4.565594165330601473e-01
4.594392578064642740e-01
4.648997232583149120e-01
4.771172009017011773e-01
4.769426581157598655e-01
4.857192819120838556e-01
4.796354922890226358e-01
4.803710376751761379e-01
4.739381500134244307e-01
4.828643991874174146e-01
4.844227414058028813e-01
4.928004385802952081e-01
4.967648833847589374e-01
4.878885114144569379e-01
4.889481888104786900e-01
4.853452739452053799e-01
4.807574987361274421e-01
4.973383552858936518e-01
5.078977624838084681e-01
5.084836937124198597e-01
5.038709686813697131e-01
4.960542653803242108e-01
4.985226870440392366e-01
5.017391346149573383e-01
5.036839640745901514e-01
4.845848086574178759e-01
4.903694061191369857e-01
4.735641532666727271e-01
4.704723812514512993e-01
4.794609569831657092e-01
4.790994282906560486e-01
4.829516556202191890e-01
4.921396965328704853e-01
4.957301146702444705e-01
5.011157954835777639e-01
5.036216362701877447e-01
4.887237875210577731e-01
4.795606939370169464e-01
4.819917276448560939e-01
4.838243421229495023e-01
4.943837181538454639e-01
4.885991294188917200e-01
4.821163932271065322e-01
4.789248842580338672e-01
4.851707673130058462e-01
4.876516483041977712e-01
4.926508319028378158e-01
4.883373177333410475e-01
4.866418306583361608e-01
4.870532378012175090e-01
4.846596045160621036e-01
4.871280361532232539e-01
4.882874492564154845e-01
4.797601566245925930e-01
4.747111045490268189e-01
4.806702373166027997e-01
4.732524731041966581e-01
4.904940692080260178e-01
4.892473984253514208e-01
4.946953970696409963e-01
4.950444577079086694e-01
5.037587823734879233e-01
4.849712846785383391e-01
4.869285809457322145e-01
4.943338671304503551e-01
4.908431410664205741e-01
4.896089283645418955e-01
4.869161029180441580e-01
4.876516420707939226e-01
4.982110280751358977e-01
5.072619515581446858e-01
4.884744538631950461e-01
4.978494881624994095e-01
5.021630210322075571e-01
5.046813124195289602e-01
5.048683269997545908e-01
4.833256660804590155e-01
4.882500513270933706e-01
4.792240751726952186e-01
4.741002259918046802e-01
4.762320488380901717e-01
4.711331195588338572e-01
4.759702471259856793e-01
4.793238121265464557e-01
4.709710535538995657e-01
4.770797917522522913e-01
4.721429372046953010e-01
4.774911901683683291e-01
