4.323457815200552057e-01
4.274260577686030960e-01
4.211645982167587787e-01
4.300768061812306753e-01
4.375599986930795993e-01
4.467885671712563678e-01
4.631621540068820431e-01
4.641657309247135266e-01
4.653547581500919739e-01
4.446505194921204218e-01
4.422397353081328197e-01
4.430142335461814684e-01
4.419452015252710031e-01
4.510101344274416446e-01
4.510428597972897524e-01
4.401780457344635078e-01
4.343529255381071152e-01
4.319094345286476622e-01
4.125905502256933532e-01
4.144995290426574108e-01
4.144559017612671203e-01
4.115978752194039414e-01
4.017039159770980361e-01
3.980823160164871921e-01
4.225281629296854247e-01
4.177066272870800789e-01
4.349965310235284210e-01
4.401889498276969626e-01
4.522973333989818157e-01
4.633148734903524413e-01
4.704817283962554608e-01
4.608822931192003702e-01
4.600205315916059412e-01
4.467994865363290602e-01
4.445196147401907494e-01
4.370145911341160594e-01
4.776376802997706061e-01
4.789139762689231250e-01
4.815865546849307233e-01
4.941421729781716454e-01
5.007745189641161776e-01
5.098939810592191257e-01
5.182171290938870634e-01
5.226132371101575025e-01
5.096103426428254535e-01
5.063378045671630412e-01
5.013417292553181692e-01
5.030543558531932469e-01
5.023126058927517290e-01
4.842700088321845731e-01
5.009708526388290117e-01
4.846081851682759734e-01
4.794593936454976113e-01
4.984728422540479764e-01
5.038834520074508827e-01
5.124902231866732549e-01
5.254821742903280635e-01
5.205406194446502433e-01
5.215660263658618012e-01
5.005563443775666865e-01
5.007963315139656313e-01
5.029452821954893960e-01
5.051487860685499598e-01
5.026725784160075428e-01
5.040688674079366605e-01
5.016362772191735875e-01
5.057705931851153025e-01
5.044833854868098211e-01
5.017671743351836966e-01
4.946003194292806215e-01
4.875098313556096574e-01
4.854481330551752016e-01
4.768740937908750310e-01
4.730233998786420591e-01
4.741796940982526687e-01
5.057924144617300666e-01
5.100467223596027999e-01
5.072214190058963457e-01
4.957238970058083782e-01
4.868662345969537730e-01
4.851208924468414785e-01
4.786521613108354889e-01
4.822301503527409716e-01
4.830810088779476930e-01
4.976656175553055839e-01
4.961274957196088464e-01
4.990182552672398630e-01
4.933567477391307410e-01
4.863535382268447949e-01
4.819683419397273738e-01
4.803975209144783487e-01
4.687800113458420181e-01
4.529736522549490108e-01
4.456322729516457581e-01
4.368836874730320785e-01
4.326730308551541837e-01
4.395017192425768049e-01
4.383345143846587577e-01
4.376145529754621455e-01
4.360873755942883401e-01
4.494175106699540567e-01
4.470394671276539666e-01
4.442469044156349689e-01
4.438978338039212268e-01
4.487084500814538801e-01
4.488284441950761705e-01
4.497556608257495814e-01
4.575552018520010478e-01
4.655401910041082059e-01
4.708962552018938208e-01
4.765032106293117797e-01
4.506610736333387934e-01
4.441814558576299143e-01
4.401562310029227820e-01
4.388035769283035181e-01
4.118487729941102127e-01
4.099288813571474455e-01
4.099834290944559534e-01
4.103106947922399161e-01
4.107797431548910749e-01
4.011257666856014037e-01
3.989113521742334578e-01
3.952788350302411935e-01
3.892682732531031475e-01
3.859521002601308259e-01
3.856793899355751565e-01
3.839994865258569146e-01
3.690985369700160446e-01
3.638951998916205022e-01
3.606335735451111635e-01
3.651933073197768387e-01
3.549720812888412791e-01
3.582882531909679091e-01
3.568047030911842832e-01
3.506959684770387664e-01
3.523322380602927906e-01
3.509905022599005830e-01
3.324134006427576504e-01
3.303735170738639204e-01
3.294463015340360901e-01
3.366895167270971267e-01
3.356095718861880628e-01
3.406274521119626586e-01
3.342896497264910005e-01
3.333842456456670433e-01
3.404965549959527160e-01
3.414237727174717629e-01
3.499432838796852629e-01
3.530303618301897650e-01
3.515031844490159041e-01
3.587136851806853599e-01
3.655751033013387996e-01
3.703202819293229808e-01
3.776071385847679096e-01
3.815996293428616237e-01
3.781852933304927777e-01
3.832359141979548856e-01
3.831268219958747223e-01
4.008966989142751514e-01
3.962714991280739119e-01
3.904027527411729759e-01
3.882537856969643375e-01
3.932389590972671378e-01
3.875665474759245055e-01
3.878610888947059410e-01
3.878938131737084682e-01
3.849703391646859263e-01
3.927807962834731215e-01
4.022602559912821230e-01
3.948425033106729432e-01
3.967623938567900188e-01
4.014203091952284752e-01
4.032092938985702979e-01
4.107470254209625304e-01
4.215354879233960128e-01
4.190265407200118863e-01
4.180993240893384755e-01
4.115760637604001237e-01
4.090889356519394893e-01
4.118814994548040120e-01
4.174339147808330264e-01
4.152849390098590776e-01
4.158958180345865285e-01
4.164848757826992154e-01
4.292041481963224658e-01
4.312658377699917223e-01
4.279823901468676195e-01
4.301640738341591108e-01
4.328039116084793081e-01
4.113579055365356174e-01
4.127214615226969530e-01
4.071581497393541582e-01
4.027402139013950277e-01
3.989331658149285476e-01
3.872393068675907823e-01
3.895846184949687818e-01
3.878065444299343967e-01
3.843049385829457876e-01
3.935771190706734424e-01
4.041146903434746362e-01
4.087944269585278567e-01
4.089362259860799820e-01
4.249062053811398787e-01
4.283314607585813616e-01
4.264443032182320126e-01
4.316367220224006096e-01
4.293241194021858442e-01
4.307094977558075799e-01
4.307094977558075799e-01
4.277096721863922202e-01
4.302186204806220382e-01
4.330002725543335984e-01
4.293459406788005528e-01
4.269242622191904979e-01
4.272842423783660415e-01
4.428069717796306870e-01
4.500610888842337953e-01
4.545771964683548161e-01
4.582533496205026813e-01
4.663365116096173102e-01
4.618422340288763084e-01
4.565516423877002405e-01
4.471594688771958759e-01
4.443559955268694961e-01
4.418470461417940420e-01
4.382145191801908868e-01
4.394798968751164048e-01
4.363709801944665179e-01
4.193537987818761748e-01
4.063181963982265277e-01
4.035256238685966390e-01
3.964787630763159654e-01
4.066236233658652166e-01
4.079544561638696609e-01
4.128632605502490227e-01
4.159721685041335992e-01
4.246662193355866810e-01
4.254516293027882923e-01
4.333602603494287608e-01
4.301640825609243657e-01
4.301313582819218384e-01
4.284514548722035965e-01
4.396762501850510763e-01
4.442032531356401859e-01
4.455013714722530493e-01
4.473230793637517078e-01
4.615040642378589464e-01
4.608277453818917513e-01
4.547081023111301801e-01
4.450977531232307438e-01
4.413561601398432455e-01
4.311022098299052141e-01
4.256697962534181645e-01
4.178375244030900770e-01
4.173030122105947370e-01
4.277533147396217483e-01
4.344401964635726254e-01
4.309931198095163229e-01
4.340802152135514458e-01
4.325421271940702028e-01
4.292695891184078461e-01
4.062091129229117303e-01
4.052491698315444646e-01
3.994240518168793441e-01
3.975696098287672675e-01
4.032092873534963706e-01
4.058709442227400044e-01
4.171611957295120465e-01
4.250807450503794049e-01
4.262806730964542323e-01
4.218627536211799756e-01
4.246771452457333007e-01
4.283532754901221429e-01
4.278733001264786728e-01
4.317021629444859898e-01
4.436578379407570272e-01
4.412688913960690629e-01
4.411816302882146101e-01
4.501374644432311056e-01
4.287023450109903044e-01
4.343529168113418604e-01
4.404616699698636895e-01
4.478903245620149964e-01
4.527336640277044300e-01
4.514464672378555310e-01
4.487957199160735877e-01
4.492102467217120587e-01
4.583842543724322427e-01
4.553735170738638649e-01
4.579806469318665196e-01
4.567043509627140008e-01
4.710380629562112564e-01
4.714634927642374906e-01
4.714634927642374906e-01
4.856117708128726562e-01
4.915786878550898464e-01
4.963020430247679915e-01
4.978183272211650356e-01
4.851754216397738406e-01
4.852517819269318577e-01
4.728488623910938049e-01
4.804411558317882580e-01
4.711253316999853280e-01
4.779867530931756758e-01
4.764922825374738879e-01
4.722270716372134469e-01
4.778449377029387324e-01
4.673728302599817752e-01
4.516973737393271127e-01
4.524391476983732341e-01
4.411489060092121384e-01
4.427742649541587805e-01
4.429487948057874158e-01
4.501811059056149977e-01
4.495375026018850750e-01
4.614058924916970561e-01
4.657474614974241867e-01
4.634239635107413324e-01
4.614277224950771306e-01
4.548390146989794713e-01
4.539554318947702782e-01
4.543808529760311465e-01
4.475630741360703269e-01
4.478903245620149964e-01
4.503010847473980505e-01
4.378109041037054894e-01
4.394362608669608594e-01
4.409307314226627583e-01
4.462867705309981892e-01
4.506610736333387934e-01
4.443996206265684590e-01
4.459268154612728852e-01
4.440287374650052077e-01
4.471267347805824022e-01
4.487739051845328619e-01
4.473230880905170181e-01
4.439741831826226615e-01
4.404507484230996694e-01
4.407670947558109953e-01
4.474103328356866527e-01
4.457195275144263391e-01
4.655183849993327350e-01
4.615040729646242568e-01
4.631076182688756981e-01
4.597805346375960500e-01
4.566170800372486571e-01
4.532572830354230642e-01
4.491011556104775870e-01
4.458940748195854287e-01
4.413452418656162446e-01
4.384872415040488858e-01
4.230735944872535126e-01
4.209464323569747091e-01
4.169648435104230666e-01
4.201937455779298780e-01
4.286041579929891210e-01
4.283532678542025240e-01
4.314294591650041921e-01
4.330657200214929059e-01
4.349201631004507296e-01
4.363928036527725540e-01
4.395889901680422041e-01
4.478685032854001768e-01
4.527773076717795941e-01
4.558316700700468793e-01
4.584387999280494785e-01
4.660856291067502211e-01
4.767759220447131963e-01
4.766559202951713425e-01
4.836918715399902147e-01
4.808665845489688007e-01
4.821974249828928638e-01
4.733397462113533294e-01
4.818374437328717397e-01
4.804302441026352399e-01
4.946112475211186243e-01
4.974692577002969296e-01
4.886661321202943054e-01
4.870407666302736804e-01
4.859390114212064349e-01
4.820883284174300454e-01
4.979710456137897978e-01
5.101121720084534905e-01
5.083122744851129582e-01
5.046688445211220397e-01
4.969892736098882047e-01
4.976219651844651093e-01
5.028362139920137253e-01
5.030762109460235054e-01
4.843572895752609742e-01
4.894188123542652091e-01
4.747142161083589551e-01
4.736888190047584546e-01
4.780194850080978775e-01
4.768959150674897951e-01
4.866262550964745026e-01
4.903678480798620010e-01
4.973274314016032926e-01
5.002400056807750905e-01
5.038834345539202619e-01
4.876625497482345306e-01
4.796448428621988835e-01
4.830810165138673673e-01
4.831028236094885298e-01
4.930622390457191084e-01
4.872698518551304980e-01
4.795357593868839752e-01
4.794594012814171746e-01
4.822083367120458819e-01
4.865062620736979038e-01
4.918732129111864082e-01
4.885352273683646329e-01
4.872371188493627159e-01
4.861680944643718694e-01
4.881207103803371083e-01
4.867135172951746469e-01
4.870625879068884445e-01
4.791212314903999236e-01
4.754014521477075150e-01
4.846300140808103007e-01
4.734270084100534737e-01
4.857426559295803803e-01
4.878370872357827848e-01
4.942403545419444821e-01
4.968474756731817710e-01
5.033489310881902323e-01
4.847609035609007355e-01
4.872262245737402631e-01
4.938258430081452488e-01
4.899969583732248224e-01
4.912405202457638120e-01
4.874771070766071857e-01
4.870953143675822439e-01
4.967274815595594806e-01
5.064142041247650106e-01
4.907278216939635618e-01
4.989309767058548450e-01
5.009054291702741413e-01
5.061851276266734478e-01
5.049742889422912384e-01
4.829391934877106940e-01
4.876625573841541494e-01
4.790885006663233581e-01
4.735033763331312207e-01
4.770159004543467196e-01
4.738524458539993267e-01
4.739397156886190343e-01
4.773758729776026444e-01
4.732852006557360935e-01
4.740051631557783418e-01
4.744524142404192846e-01
4.764922912642390873e-01
