4.345541366261830851e-01
4.265933815800891371e-01
4.204652462758519116e-01
4.289302047313487964e-01
4.364255216291113015e-01
4.452201753380906624e-01
4.611125758501835037e-01
4.639051388046125934e-01
4.643511812322604349e-01
4.452589696883798021e-01
4.422918568834849351e-01
4.439111537566799437e-01
4.408082999962172344e-01
4.511155842958577411e-01
4.516197954623853428e-01
4.413222240525157547e-01
4.354946744216658394e-01
4.333614690064218067e-01
4.133868661042045534e-01
4.128923464953548894e-01
4.128535666896746559e-01
4.096828380880454534e-01
4.016154380915105682e-01
3.969417772443823988e-01
4.227923914444018938e-01
4.192919889213830853e-01
4.338850768632736554e-01
4.396544344838695939e-01
4.504174421027895003e-01
4.619561670403874443e-01
4.682006475795089107e-01
4.609865274219341891e-01
4.612095544536016778e-01
4.495350808033112266e-01
4.475085280956327405e-01
4.380642307068798313e-01
4.717301441683733332e-01
4.789054942166737217e-01
4.813005084085466567e-01
4.942355022180314750e-01
5.038543378215629698e-01
5.130562240936518137e-01
5.209490897539704735e-01
5.223356845217099753e-01
5.114369049187232896e-01
5.045524567432571050e-01
5.003345221243299390e-01
5.022447072953907243e-01
5.027780270723729572e-01
4.872249833125824048e-01
5.011393315695725770e-01
4.829973726502268527e-01
4.790606279840034509e-01
4.990352299165800032e-01
5.038446608084937717e-01
5.109715249488271382e-01
5.250506878647784870e-01
5.226362556504883239e-01
5.214048305267804384e-01
5.004024115101053383e-01
5.036022283597367810e-01
5.015368813017693217e-01
5.037185726249804318e-01
5.026907632980068819e-01
5.020895900119509703e-01
5.043585373524035464e-01
5.082952926846733277e-01
5.045136837250608908e-01
5.023707722075300142e-01
4.949724183989362980e-01
4.888152093913056273e-01
4.869728903346462467e-01
4.751626747591473077e-01
4.739894018904290407e-01
4.732621714493586706e-01
5.026132046562870048e-01
5.074226287607166430e-01
5.106806133795871450e-01
4.951663571826015464e-01
4.852760260929661063e-01
4.837246108484218321e-01
4.779746276164165697e-01
4.819404682877668211e-01
4.811744512535320317e-01
4.982207337618624332e-01
4.994424605404083617e-01
5.002569780272190236e-01
4.952245268911218967e-01
4.885921891471223244e-01
4.821440928112665225e-01
4.825513321618600249e-01
4.684624534472159874e-01
4.547420381560475233e-01
4.457631711585014478e-01
4.376666751568396019e-01
4.319458015049295052e-01
4.358631436629851197e-01
4.378993869587009535e-01
4.392084007829870629e-01
4.367939976579145456e-01
4.520755352655547177e-01
4.484102948122006271e-01
4.446868788324825350e-01
4.439790373246117472e-01
4.493508393951675117e-01
4.445705112958648897e-01
4.506113673114866547e-01
4.568364589174083723e-01
4.654080778375956906e-01
4.728840203467673531e-01
4.749008756789244168e-01
4.502332162088952261e-01
4.419912779975816441e-01
4.397417108635633953e-01
4.392374938791921979e-01
4.123687463956277055e-01
4.095470884057123007e-01
4.098476760183807355e-01
4.099058670589940667e-01
4.094404298803031583e-01
3.987453009811121607e-01
4.006167082857739481e-01
3.939358865730884784e-01
3.904063880449427648e-01
3.863726861073941143e-01
3.855097001661471068e-01
3.843461343693562737e-01
3.676004423826161327e-01
3.636346094683905461e-01
3.615886678275125332e-01
3.653993543690808310e-01
3.588057954611209577e-01
3.585827829740623196e-01
3.579428172769985594e-01
3.518340854505697113e-01
3.530267394953627846e-01
3.518340854505697113e-01
3.365622529755757930e-01
3.316752566544581282e-01
3.302692816802843545e-01
3.364749843530067674e-01
3.363780125370727236e-01
3.405474554301891055e-01
3.333236437149365572e-01
3.349914264960985322e-01
3.411971194724149892e-01
3.401886922911567801e-01
3.494487637860153040e-01
3.521928330753526515e-01
3.491869559790270472e-01
3.575258727937588032e-01
3.672028878022165488e-01
3.708099527292068043e-01
3.772871586451578274e-01
3.802057719671173008e-01
3.791100877989770912e-01
3.858587930795944199e-01
3.825038288876649872e-01
4.004518781125632199e-01
3.946631082873935381e-01
3.907166720634922541e-01
3.889034490119597232e-01
3.938583133867598618e-01
3.882925705932576133e-01
3.871871880799553356e-01
3.861108870271712235e-01
3.826783515881942987e-01
3.910948309232082920e-01
4.009754782122903483e-01
3.925589979076358205e-01
3.948279607623377263e-01
4.009076111282484645e-01
4.055715784784175160e-01
4.122232993377730192e-01
4.217451699128546561e-01
4.199707266670023031e-01
4.159855106374206746e-01
4.111663891574696139e-01
4.089556086166157289e-01
4.124366163885913594e-01
4.173720966783949216e-01
4.160339878186224416e-01
4.160048995706202568e-01
4.193986484164328177e-01
4.287362921279794792e-01
4.308210135745377256e-01
4.292889795060682578e-01
4.300937763459831698e-01
4.334487259933037517e-01
4.122523963125405699e-01
4.118645449255060043e-01
4.079277983200014224e-01
4.033413886419117134e-01
3.975332444281514110e-01
3.916475328459058658e-01
3.899312651264174034e-01
3.880792564513611542e-01
3.856551617686106437e-01
3.938583133867597508e-01
4.038940983217340075e-01
4.080538642017813022e-01
4.102258494227056795e-01
4.239268680235498965e-01
4.250807432323033264e-01
4.258952461745050821e-01
4.319457937478047849e-01
4.298901469742805737e-01
4.327796788357219926e-01
4.298416688234382166e-01
4.271751572061801006e-01
4.274175751103282961e-01
4.324403065691702630e-01
4.305301126713442228e-01
4.273302958217127245e-01
4.300259024744572112e-01
4.443087044585171119e-01
4.510961808180493637e-01
4.534815024826037155e-01
4.584460652025660887e-01
4.652141526288987028e-01
4.576897474831340129e-01
4.563613524827730972e-01
4.458310624835580827e-01
4.406531768949339400e-01
4.411089089409785946e-01
4.389853853870067102e-01
4.358631349362198093e-01
4.361152366409212777e-01
4.193986425985892774e-01
4.065896913995101780e-01
4.046116226605175892e-01
3.978629261066655709e-01
4.052224952613761588e-01
4.069290636660619076e-01
4.123105640817797402e-01
4.169648408439113330e-01
4.246928860274252759e-01
4.265739916772489648e-01
4.329348310262228772e-01
4.303264959049692417e-01
4.305107295559882363e-01
4.286974987473309295e-01
4.411476819591748089e-01
4.438723623153125741e-01
4.465001028536556005e-01
4.481193987572100190e-01
4.629354982165188037e-01
4.623343259001033712e-01
4.543444903631319587e-01
4.436105680832925224e-01
4.379866565509105691e-01
4.320621525576572308e-01
4.266224698280913774e-01
4.179344911284110786e-01
4.162667083472491592e-01
4.265545949869247733e-01
4.340014356731261014e-01
4.304816354901424558e-01
4.332257202937292440e-01
4.325954597293117931e-01
4.295992654638988717e-01
4.075981253682525729e-01
4.043595209558161208e-01
4.002288510808957867e-01
4.008300243669516427e-01
4.041171117784332911e-01
4.044079991066584778e-01
4.168290931008594713e-01
4.237523327176929699e-01
4.248189354253150141e-01
4.212894524114187411e-01
4.256819300933273875e-01
4.283290324149335304e-01
4.286199265306428474e-01
4.302392175859943158e-01
4.435620841146066251e-01
4.420882410867503776e-01
4.401198716625605578e-01
4.462576917369916463e-01
4.280284448022650956e-01
4.342341387482220871e-01
4.421076319592312509e-01
4.487787553267545415e-01
4.530160711217563474e-01
4.510283137340075355e-01
4.500586799333977650e-01
4.503689649215877888e-01
4.585236383888947054e-01
4.599877966465569235e-01
4.586884831067141732e-01
4.550717208042023287e-01
4.692672590138962097e-01
4.718174108516613452e-01
4.722828422125087133e-01
4.859159937293109910e-01
4.915496016675738322e-01
4.950887839962728187e-01
4.970183745844231615e-01
4.872153004816697219e-01
4.851208816595898865e-01
4.739506172365458569e-01
4.806993225171631301e-01
4.723895017075583902e-01
4.786339900038044659e-01
4.757832369784027460e-01
4.710319884003370539e-01
4.764522918931092810e-01
4.694224053865535540e-01
4.538693684142471318e-01
4.513580012303652911e-01
4.378024306570162949e-01
4.415452452663397032e-01
4.438432876422785944e-01
4.497677993926567641e-01
4.504174488902737417e-01
4.608313800796362547e-01
4.653111215359109210e-01
4.627609696981459519e-01
4.612677299799654573e-01
4.542960131819301917e-01
4.540826980703931426e-01
4.533263716241957564e-01
4.502138253364145748e-01
4.490211654737780167e-01
4.492150906824750600e-01
4.381127078880815984e-01
4.362219038930957304e-01
4.416809930093916758e-01
4.448613976544495419e-01
4.516295005950315966e-01
4.442699314403210642e-01
4.458407598590795051e-01
4.444056811226542170e-01
4.469849202387808917e-01
4.500101940254306876e-01
4.432324169807012049e-01
4.436299579861326947e-01
4.397707855365973750e-01
4.431063510989214360e-01
4.471594419696695577e-01
4.468976428894466668e-01
4.646226776880049703e-01
4.629355059736435241e-01
4.622761503737395916e-01
4.600556714877234721e-01
4.559346989883247825e-01
4.523276427880996708e-01
4.489726805354515848e-01
4.459280090888367853e-01
4.405561992611563560e-01
4.386266251568960439e-01
4.255073889696270317e-01
4.208143168875657647e-01
4.179829683096129567e-01
4.181962824515094157e-01
4.289398962890267342e-01
4.254491911415295702e-01
4.309082792881848700e-01
4.326827157465531482e-01
4.352134786511187015e-01
4.371139742037825626e-01
4.405465106124000774e-01
4.469364372397355845e-01
4.518816013300923640e-01
4.557698542705052036e-01
4.585721233272210262e-01
4.653693048193995874e-01
4.765686584600863918e-01
4.780812880811069476e-01
4.842579015361864192e-01
4.820471219649731243e-01
4.813586839349104363e-01
4.739118364612251444e-01
4.802823828821263796e-01
4.800787515711426034e-01
4.934597965350404625e-01
4.982886018155448515e-01
4.902018022197640046e-01
4.869728903346462467e-01
4.813683696747450558e-01
4.821634759266225645e-01
4.964947686668524374e-01
5.074614163235214859e-01
5.058615074138854695e-01
5.040191883572260334e-01
4.971929031027959578e-01
4.984146434563100359e-01
5.022544269726458843e-01
5.039028285777329419e-01
4.864880719798805320e-01
4.876710344669956121e-01
4.756087094296704287e-01
4.746972453375810641e-01
4.766753189247767697e-01
4.769177290718001339e-01
4.828325337502507586e-01
4.895133506147332225e-01
4.978716466662586604e-01
4.991418894116297911e-01
5.036992050238737750e-01
4.884661387795918852e-01
4.803599492809709215e-01
4.834143258602318083e-01
4.823574079228036826e-01
4.944682149895334167e-01
4.851111901019119488e-01
4.817853219151094213e-01
4.817174480435834072e-01
4.823865087761334824e-01
4.860808297203652040e-01
4.905799542919959677e-01
4.876128560317098959e-01
4.874771073190174442e-01
4.868565373426373410e-01
4.869728980917708561e-01
4.884564462522733574e-01
4.863038431770644321e-01
4.790509344870442776e-01
4.769565146953238521e-01
4.820568261279787325e-01
4.730585488651402049e-01
4.868565295855125097e-01
4.881267645737591421e-01
4.943227747191628607e-01
5.000824427213620416e-01
5.033695311024843910e-01
4.856057009839963023e-01
4.867304947322316222e-01
4.938864461509264725e-01
4.890091346000027817e-01
4.912586997947399059e-01
4.867692667807870799e-01
4.867595771623902667e-01
4.978134721095354154e-01
5.041840321054049667e-01
4.932464659092540837e-01
4.993261085180401015e-01
5.011975293976700385e-01
5.066372218236417924e-01
5.044749204032706880e-01
4.833755324795833697e-01
4.882140370748904723e-01
4.794969623700832129e-01
4.740184988651965914e-01
4.795454473084096447e-01
4.742124231042531002e-01
4.760450506032345430e-01
4.765686507029616714e-01
4.728646226868025715e-01
4.758317209470885323e-01
4.749493518904854827e-01
4.778291863764054237e-01
